1.000000e+00 0.000000e+00 0.000000e+00 0.000000e+00 0.000000e+00 1.000000e+00 0.000000e+00 0.000000e+00 0.000000e+00 0.000000e+00 1.000000e+00 0.000000e+00
9.999991e-01 9.401559e-04 9.452234e-04 6.177431e-02 -9.405139e-04 9.999995e-01 3.783632e-04 -4.562424e-02 -9.448671e-04 -3.792519e-04 9.999995e-01 1.072034e+00
9.999956e-01 9.443180e-04 2.790497e-03 6.482143e-03 -9.481574e-04 9.999986e-01 1.374890e-03 -1.118745e-01 -2.789195e-03 -1.377530e-03 9.999952e-01 2.420535e+00
9.999945e-01 -6.795781e-04 3.235624e-03 3.725502e-02 6.716218e-04 9.999968e-01 2.459408e-03 -1.429892e-01 -3.237286e-03 -2.457222e-03 9.999917e-01 3.553257e+00
9.999995e-01 3.810349e-05 1.008812e-03 2.418777e-01 -4.165265e-05 9.999938e-01 3.518369e-03 -1.974444e-01 -1.008672e-03 -3.518409e-03 9.999933e-01 4.659925e+00
9.999943e-01 -1.299811e-04 3.377053e-03 1.267822e-01 1.160958e-04 9.999915e-01 4.111528e-03 -2.486031e-01 -3.377559e-03 -4.111113e-03 9.999858e-01 5.973303e+00
9.999858e-01 -8.428997e-04 5.260921e-03 4.768372e-02 8.256187e-04 9.999943e-01 3.286077e-03 -3.424510e-01 -5.263661e-03 -3.281686e-03 9.999807e-01 8.004741e+00
9.999905e-01 2.152772e-03 3.800600e-03 2.569070e-01 -2.166141e-03 9.999915e-01 3.516935e-03 -3.474866e-01 -3.792997e-03 -3.525133e-03 9.999866e-01 8.626248e+00
9.999904e-01 1.267452e-03 4.190177e-03 2.259174e-01 -1.292601e-03 9.999812e-01 6.004807e-03 -3.796753e-01 -4.182487e-03 -6.010165e-03 9.999732e-01 9.683342e+00
9.999959e-01 1.541788e-03 2.421941e-03 2.597093e-01 -1.558697e-03 9.999743e-01 6.995485e-03 -4.024641e-01 -2.411093e-03 -6.999231e-03 9.999726e-01 1.097832e+01
9.999987e-01 -4.142331e-04 1.528896e-03 1.336421e-01 4.032172e-04 9.999740e-01 7.198560e-03 -4.411553e-01 -1.531838e-03 -7.197934e-03 9.999729e-01 1.213550e+01
9.999937e-01 -9.127454e-04 -3.422341e-03 2.991519e-01 9.380986e-04 9.999721e-01 7.413837e-03 -4.464117e-01 3.415479e-03 -7.417000e-03 9.999667e-01 1.292218e+01
9.999761e-01 -3.761767e-04 -6.906394e-03 4.010312e-01 4.323985e-04 9.999667e-01 8.140812e-03 -5.260646e-01 6.903103e-03 -8.143603e-03 9.999430e-01 1.431155e+01
9.999521e-01 2.022269e-03 -9.582206e-03 5.249254e-01 -1.938117e-03 9.999595e-01 8.783295e-03 -5.734018e-01 9.599581e-03 -8.764301e-03 9.999155e-01 1.516140e+01
9.999372e-01 2.459511e-03 -1.093350e-02 5.833749e-01 -2.357549e-03 9.999537e-01 9.328818e-03 -5.684382e-01 1.095594e-02 -9.302454e-03 9.998966e-01 1.567018e+01
9.999237e-01 1.975300e-03 -1.219793e-02 6.226006e-01 -1.852229e-03 9.999473e-01 1.009254e-02 -5.769509e-01 1.221723e-02 -1.006917e-02 9.998746e-01 1.664812e+01
9.999284e-01 1.168923e-03 -1.191266e-02 4.841474e-01 -1.039009e-03 9.999399e-01 1.090591e-02 -6.465603e-01 1.192469e-02 -1.089275e-02 9.998695e-01 1.806259e+01
9.999359e-01 1.364487e-03 -1.124912e-02 2.928334e-01 -1.246198e-03 9.999439e-01 1.051575e-02 -7.024983e-01 1.126284e-02 -1.050105e-02 9.998813e-01 1.908510e+01
9.999177e-01 1.186803e-03 -1.277279e-02 3.116266e-01 -1.054138e-03 9.999455e-01 1.038825e-02 -7.251162e-01 1.278443e-02 -1.037393e-02 9.998643e-01 2.005569e+01
9.999065e-01 1.919015e-03 -1.354438e-02 2.936898e-01 -1.773546e-03 9.999407e-01 1.074405e-02 -7.119865e-01 1.356419e-02 -1.071902e-02 9.998504e-01 2.063767e+01
9.998655e-01 2.796032e-03 -1.616092e-02 4.467034e-01 -2.615673e-03 9.999341e-01 1.117058e-02 -7.337195e-01 1.619109e-02 -1.112680e-02 9.998068e-01 2.147229e+01
9.998264e-01 3.247180e-03 -1.834921e-02 6.559181e-01 -3.034158e-03 9.999278e-01 1.162530e-02 -7.669061e-01 1.838564e-02 -1.156760e-02 9.997638e-01 2.189423e+01
9.998311e-01 2.776132e-03 -1.817037e-02 5.051452e-01 -2.555579e-03 9.999229e-01 1.215003e-02 -7.512496e-01 1.820270e-02 -1.210153e-02 9.997609e-01 2.316860e+01
9.998462e-01 1.615034e-03 -1.746280e-02 2.637164e-01 -1.377151e-03 9.999062e-01 1.362565e-02 -7.487894e-01 1.748317e-02 -1.359950e-02 9.997545e-01 2.462975e+01
9.998198e-01 7.934442e-04 -1.896803e-02 2.431660e-01 -5.052630e-04 9.998845e-01 1.519294e-02 -7.756644e-01 1.897790e-02 -1.518061e-02 9.997045e-01 2.530882e+01
9.997640e-01 9.657640e-06 -2.172348e-02 3.490897e-01 3.288362e-04 9.998786e-01 1.557829e-02 -8.471235e-01 2.172099e-02 -1.558175e-02 9.996424e-01 2.637690e+01
9.997641e-01 -6.068278e-04 -2.171096e-02 2.869773e-01 9.325397e-04 9.998872e-01 1.499519e-02 -8.600864e-01 2.169941e-02 -1.501190e-02 9.996516e-01 2.713903e+01
9.997501e-01 8.414297e-04 -2.233964e-02 2.731856e-01 -5.019758e-04 9.998844e-01 1.519638e-02 -8.781544e-01 2.234984e-02 -1.518137e-02 9.996347e-01 2.796594e+01
9.997464e-01 1.270541e-03 -2.248340e-02 1.587964e-01 -9.134902e-04 9.998735e-01 1.588375e-02 -8.932958e-01 2.250073e-02 -1.585918e-02 9.996208e-01 2.872300e+01
9.997461e-01 4.600901e-04 -2.252648e-02 9.679511e-03 -8.852838e-05 9.998641e-01 1.649264e-02 -9.035434e-01 2.253100e-02 -1.648645e-02 9.996099e-01 2.959753e+01
9.996544e-01 3.203851e-04 -2.628861e-02 2.273752e-01 1.307322e-04 9.998529e-01 1.715665e-02 -9.903951e-01 2.629023e-02 -1.715415e-02 9.995068e-01 3.129724e+01
9.996350e-01 1.780060e-04 -2.701323e-02 2.946814e-01 3.082593e-04 9.998381e-01 1.799575e-02 -1.034128e+00 2.701205e-02 -1.799751e-02 9.994727e-01 3.187465e+01
9.996749e-01 3.150282e-04 -2.549453e-02 1.297335e-01 1.660993e-04 9.998221e-01 1.886745e-02 -1.069398e+00 2.549594e-02 -1.886555e-02 9.994965e-01 3.312977e+01
9.996821e-01 5.196304e-04 -2.520680e-02 1.259771e-01 -1.282890e-05 9.997981e-01 2.010172e-02 -1.039979e+00 2.521215e-02 -2.009500e-02 9.994798e-01 3.366198e+01
9.996744e-01 1.344708e-03 -2.548122e-02 1.158025e-01 -8.065226e-04 9.997768e-01 2.111935e-02 -1.066511e+00 2.550392e-02 -2.109192e-02 9.994519e-01 3.501982e+01
9.996845e-01 1.901627e-03 -2.504780e-02 4.003660e-02 -1.370531e-03 9.997743e-01 2.120341e-02 -1.098657e+00 2.508247e-02 -2.116239e-02 9.994610e-01 3.620766e+01
9.997389e-01 2.831744e-03 -2.267512e-02 -2.413067e-01 -2.347968e-03 9.997698e-01 2.133335e-02 -1.122244e+00 2.273030e-02 -2.127454e-02 9.995149e-01 3.768631e+01
9.996589e-01 5.925086e-03 -2.543783e-02 1.083205e-01 -5.331007e-03 9.997131e-01 2.335878e-02 -1.131365e+00 2.556893e-02 -2.321520e-02 9.994031e-01 3.844073e+01
9.997070e-01 5.897338e-03 -2.348053e-02 9.397881e-02 -5.259067e-03 9.996176e-01 2.715255e-02 -1.148419e+00 2.363167e-02 -2.702110e-02 9.993551e-01 3.960170e+01
9.997242e-01 7.207167e-03 -2.235461e-02 1.700195e-01 -6.533075e-03 9.995262e-01 3.008231e-02 -1.157267e+00 2.256083e-02 -2.992797e-02 9.992971e-01 4.050364e+01
9.997395e-01 7.838094e-03 -2.143752e-02 2.198473e-01 -7.109796e-03 9.994020e-01 3.384079e-02 -1.187220e+00 2.168995e-02 -3.367956e-02 9.991969e-01 4.184610e+01
9.997956e-01 8.783473e-03 -1.821294e-02 7.655251e-02 -8.135492e-03 9.993419e-01 3.535197e-02 -1.189600e+00 1.851147e-02 -3.519656e-02 9.992086e-01 4.371382e+01
9.998049e-01 6.449722e-03 -1.867191e-02 2.246443e-01 -5.808184e-03 9.993979e-01 3.421113e-02 -1.179585e+00 1.888132e-02 -3.409600e-02 9.992399e-01 4.482055e+01
9.997864e-01 5.831140e-03 -1.982763e-02 4.786074e-01 -5.184490e-03 9.994581e-01 3.250997e-02 -1.128905e+00 2.000646e-02 -3.240022e-02 9.992744e-01 4.565911e+01
9.997762e-01 5.204559e-03 -2.050922e-02 6.790020e-01 -4.534707e-03 9.994592e-01 3.257317e-02 -1.127085e+00 2.066766e-02 -3.247287e-02 9.992586e-01 4.629057e+01
9.997895e-01 4.486457e-03 -2.002509e-02 6.533147e-01 -3.835573e-03 9.994670e-01 3.242426e-02 -1.121608e+00 2.015989e-02 -3.234062e-02 9.992732e-01 4.740977e+01
9.998350e-01 4.002784e-03 -1.772107e-02 4.235294e-01 -3.433347e-03 9.994806e-01 3.204792e-02 -1.152303e+00 1.784015e-02 -3.198178e-02 9.993289e-01 4.825845e+01
9.998487e-01 4.232757e-03 -1.687733e-02 1.580392e-01 -3.680611e-03 9.994614e-01 3.261315e-02 -1.141219e+00 1.700629e-02 -3.254608e-02 9.993252e-01 4.937520e+01
9.998171e-01 3.885113e-03 -1.872644e-02 2.637827e-01 -3.242165e-03 9.994084e-01 3.424261e-02 -1.134382e+00 1.884840e-02 -3.417563e-02 9.992377e-01 5.019852e+01
9.998050e-01 3.765525e-03 -1.938593e-02 2.375718e-01 -3.089292e-03 9.993898e-01 3.479524e-02 -1.134664e+00 1.950513e-02 -3.472855e-02 9.992060e-01 5.118462e+01
9.998157e-01 4.543727e-03 -1.865578e-02 3.266321e-02 -3.886843e-03 9.993765e-01 3.509726e-02 -1.147888e+00 1.880363e-02 -3.501827e-02 9.992094e-01 5.255809e+01
9.997945e-01 4.313159e-03 -1.980842e-02 3.712282e-02 -3.615220e-03 9.993762e-01 3.513604e-02 -1.136863e+00 1.994762e-02 -3.505720e-02 9.991859e-01 5.366885e+01
9.997479e-01 3.778823e-03 -2.213269e-02 2.625260e-01 -3.000521e-03 9.993797e-01 3.509350e-02 -1.154590e+00 2.225159e-02 -3.501824e-02 9.991386e-01 5.423180e+01
9.997351e-01 3.769475e-03 -2.270652e-02 2.717282e-01 -2.982617e-03 9.993974e-01 3.458809e-02 -1.167677e+00 2.282322e-02 -3.451119e-02 9.991433e-01 5.543770e+01
9.997110e-01 2.114083e-03 -2.394360e-02 3.944892e-01 -1.224290e-03 9.993104e-01 3.711586e-02 -1.211369e+00 2.400557e-02 -3.707582e-02 9.990237e-01 5.576818e+01
9.996392e-01 1.192670e-03 -2.683500e-02 6.766395e-01 -1.525428e-04 9.992499e-01 3.872874e-02 -1.138496e+00 2.686107e-02 -3.871066e-02 9.988890e-01 5.678587e+01
9.996498e-01 1.091929e-03 -2.643898e-02 6.200597e-01 -9.693253e-05 9.992928e-01 3.760569e-02 -1.140994e+00 2.646135e-02 -3.758995e-02 9.989424e-01 5.759455e+01
9.997037e-01 2.665070e-03 -2.419656e-02 4.428442e-01 -1.764949e-03 9.993084e-01 3.714575e-02 -1.160082e+00 2.427883e-02 -3.709202e-02 9.990165e-01 5.850262e+01
9.996668e-01 4.442712e-03 -2.542648e-02 6.128771e-01 -3.473129e-03 9.992698e-01 3.805070e-02 -1.162178e+00 2.557697e-02 -3.794970e-02 9.989519e-01 5.932622e+01
9.996551e-01 6.475957e-03 -2.545010e-02 6.378636e-01 -5.492561e-03 9.992427e-01 3.852189e-02 -1.151459e+00 2.568030e-02 -3.836880e-02 9.989332e-01 6.026854e+01
9.996902e-01 7.960131e-03 -2.358190e-02 4.165706e-01 -7.025941e-03 9.991974e-01 3.943608e-02 -1.171296e+00 2.387690e-02 -3.925817e-02 9.989434e-01 6.103009e+01
9.997056e-01 8.367667e-03 -2.277994e-02 3.936670e-01 -7.427847e-03 9.991302e-01 4.103302e-02 -1.176861e+00 2.310349e-02 -4.085172e-02 9.988977e-01 6.198291e+01
9.997114e-01 9.247988e-03 -2.217614e-02 6.089618e-01 -8.306988e-03 9.990765e-01 4.215605e-02 -1.177669e+00 2.254553e-02 -4.195965e-02 9.988645e-01 6.292203e+01
9.997956e-01 7.818451e-03 -1.864850e-02 5.040549e-01 -7.056777e-03 9.991519e-01 4.056558e-02 -1.196223e+00 1.894986e-02 -4.042567e-02 9.990024e-01 6.415980e+01
9.998556e-01 4.533611e-03 -1.637909e-02 4.400881e-01 -3.935253e-03 9.993302e-01 3.638124e-02 -1.214081e+00 1.653307e-02 -3.631151e-02 9.992033e-01 6.579119e+01
9.999199e-01 5.140272e-03 -1.157365e-02 2.005569e-01 -4.721228e-03 9.993424e-01 3.594760e-02 -1.174588e+00 1.175083e-02 -3.589005e-02 9.992863e-01 6.600629e+01
9.999270e-01 7.225841e-03 -9.692354e-03 2.457961e-01 -6.825626e-03 9.991476e-01 4.070820e-02 -1.303458e+00 9.978259e-03 -4.063905e-02 9.991237e-01 6.784798e+01
9.999496e-01 7.655602e-03 -6.500522e-03 4.642104e-01 -7.376007e-03 9.990903e-01 4.199766e-02 -1.271766e+00 6.816142e-03 -4.194757e-02 9.990962e-01 6.812523e+01
9.999725e-01 7.206519e-03 -1.768718e-03 3.675715e-01 -7.128690e-03 9.991481e-01 4.064497e-02 -1.246699e+00 2.060138e-03 -4.063122e-02 9.991717e-01 6.950074e+01
9.999790e-01 6.031410e-03 2.380894e-03 3.155082e-01 -6.118319e-03 9.992452e-01 3.835924e-02 -1.247170e+00 -2.147718e-03 -3.837298e-02 9.992608e-01 7.042970e+01
9.999751e-01 3.648648e-03 6.047519e-03 3.177167e-01 -3.859510e-03 9.993716e-01 3.523003e-02 -1.218334e+00 -5.915157e-03 -3.525247e-02 9.993606e-01 7.180140e+01
9.999409e-01 3.202647e-03 1.038682e-02 1.996831e-01 -3.559109e-03 9.993988e-01 3.448332e-02 -1.213045e+00 -1.027011e-02 -3.451825e-02 9.993509e-01 7.300446e+01
9.998743e-01 4.511938e-03 1.519804e-02 4.815164e-02 -5.070320e-03 9.993058e-01 3.690426e-02 -1.261363e+00 -1.502096e-02 -3.697667e-02 9.992028e-01 7.443802e+01
9.997948e-01 5.826907e-03 1.939998e-02 3.087879e-02 -6.548714e-03 9.992806e-01 3.735316e-02 -1.250815e+00 -1.916835e-02 -3.747254e-02 9.991133e-01 7.554289e+01
9.997140e-01 5.295772e-03 2.331864e-02 3.083566e-02 -6.122659e-03 9.993497e-01 3.553277e-02 -1.234245e+00 -2.311528e-02 -3.566538e-02 9.990959e-01 7.651821e+01
9.995921e-01 6.251092e-03 2.786391e-02 -9.753928e-02 -7.180300e-03 9.994171e-01 3.337360e-02 -1.232989e+00 -2.763901e-02 -3.356006e-02 9.990540e-01 7.777732e+01
9.995514e-01 5.643596e-03 2.941494e-02 1.564273e-01 -6.614389e-03 9.994330e-01 3.301112e-02 -1.194160e+00 -2.921194e-02 -3.319088e-02 9.990215e-01 7.843051e+01
9.994489e-01 5.557972e-03 3.272496e-02 1.514546e-01 -6.677648e-03 9.993924e-01 3.420534e-02 -1.157704e+00 -3.251493e-02 -3.440502e-02 9.988784e-01 7.933970e+01
9.992709e-01 6.842370e-03 3.756021e-02 -1.047867e-01 -8.177562e-03 9.993358e-01 3.551019e-02 -1.152088e+00 -3.729225e-02 -3.579145e-02 9.986627e-01 8.048351e+01
9.991580e-01 6.597054e-03 4.049252e-02 -1.056861e-01 -8.115866e-03 9.992651e-01 3.745936e-02 -1.177943e+00 -4.021560e-02 -3.775644e-02 9.984768e-01 8.183106e+01
9.990684e-01 4.783439e-03 4.288572e-02 -7.049746e-02 -6.466415e-03 9.992107e-01 3.919078e-02 -1.180396e+00 -4.266436e-02 -3.943158e-02 9.983104e-01 8.255367e+01
9.989995e-01 4.169605e-03 4.452530e-02 1.717503e-02 -5.831632e-03 9.992884e-01 3.726323e-02 -1.173558e+00 -4.433820e-02 -3.748560e-02 9.983125e-01 8.341222e+01
9.988981e-01 2.621768e-03 4.685627e-02 5.797977e-02 -4.220607e-03 9.994109e-01 3.405586e-02 -1.179771e+00 -4.673934e-02 -3.421609e-02 9.983203e-01 8.484374e+01
9.988518e-01 3.201048e-03 4.779987e-02 1.827703e-01 -4.714738e-03 9.994897e-01 3.158808e-02 -1.176631e+00 -4.767432e-02 -3.177718e-02 9.983567e-01 8.548032e+01
9.987294e-01 3.316475e-03 5.028421e-02 1.309186e-01 -4.891665e-03 9.995000e-01 3.123504e-02 -1.192408e+00 -5.015543e-02 -3.144132e-02 9.982458e-01 8.690611e+01
9.987622e-01 3.495510e-03 4.961506e-02 2.845476e-01 -5.084422e-03 9.994769e-01 3.193475e-02 -1.175678e+00 -4.947744e-02 -3.214749e-02 9.982571e-01 8.794427e+01
9.988565e-01 3.643194e-03 4.766703e-02 4.602868e-01 -5.278605e-03 9.994000e-01 3.422823e-02 -1.203068e+00 -4.751369e-02 -3.444070e-02 9.982761e-01 8.939143e+01
9.989361e-01 2.807753e-03 4.602755e-02 5.367326e-01 -4.461840e-03 9.993463e-01 3.587360e-02 -1.192370e+00 -4.589669e-02 -3.604080e-02 9.982952e-01 9.083743e+01
9.991244e-01 3.150842e-03 4.171657e-02 8.079316e-01 -4.691835e-03 9.993081e-01 3.689330e-02 -1.164898e+00 -4.157142e-02 -3.705671e-02 9.984475e-01 9.200696e+01
9.992758e-01 3.138713e-03 3.791700e-02 9.750806e-01 -4.577038e-03 9.992707e-01 3.790640e-02 -1.178341e+00 -3.777033e-02 -3.805249e-02 9.985610e-01 9.376738e+01
9.993869e-01 4.300650e-03 3.474118e-02 1.062294e+00 -5.600592e-03 9.992843e-01 3.740758e-02 -1.106160e+00 -3.455541e-02 -3.757922e-02 9.986954e-01 9.456760e+01
9.994854e-01 6.128478e-03 3.148163e-02 1.085747e+00 -7.286819e-03 9.992955e-01 3.681209e-02 -1.057368e+00 -3.123382e-02 -3.702253e-02 9.988256e-01 9.537435e+01
9.995986e-01 7.180337e-03 2.739883e-02 1.134712e+00 -8.207172e-03 9.992609e-01 3.755068e-02 -1.084544e+00 -2.710893e-02 -3.776047e-02 9.989184e-01 9.717989e+01
9.998113e-01 8.870018e-03 1.727287e-02 1.889668e+00 -9.534460e-03 9.992025e-01 3.877259e-02 -1.097477e+00 -1.691516e-02 -3.892996e-02 9.990981e-01 9.919273e+01
9.998494e-01 9.168620e-03 1.471926e-02 1.761250e+00 -9.740658e-03 9.991809e-01 3.927349e-02 -1.034350e+00 -1.434710e-02 -3.941095e-02 9.991194e-01 9.995879e+01
9.998909e-01 9.759486e-03 1.106426e-02 1.713484e+00 -1.019529e-02 9.991459e-01 4.004082e-02 -1.013168e+00 -1.066401e-02 -4.014926e-02 9.991361e-01 1.004387e+02
9.999189e-01 1.066682e-02 6.918160e-03 1.650801e+00 -1.093442e-02 9.991449e-01 3.987149e-02 -9.719926e-01 -6.486923e-03 -3.994390e-02 9.991801e-01 1.021633e+02
9.999283e-01 1.134038e-02 3.779046e-03 1.435405e+00 -1.148310e-02 9.991269e-01 4.016929e-02 -9.303315e-01 -3.320194e-03 -4.020980e-02 9.991850e-01 1.029820e+02
9.999288e-01 1.177173e-02 -1.810995e-03 1.513929e+00 -1.168902e-02 9.991158e-01 4.038478e-02 -9.552537e-01 2.284808e-03 -4.036073e-02 9.991818e-01 1.046986e+02
9.999028e-01 1.262114e-02 -5.880280e-03 1.406566e+00 -1.237531e-02 9.991182e-01 4.011832e-02 -9.434134e-01 6.381447e-03 -4.004164e-02 9.991769e-01 1.057538e+02
9.998491e-01 1.468982e-02 -9.240031e-03 1.372615e+00 -1.430683e-02 9.990879e-01 4.023248e-02 -9.286210e-01 9.822623e-03 -4.009421e-02 9.991468e-01 1.072712e+02
9.997935e-01 1.692196e-02 -1.122085e-02 1.331303e+00 -1.645946e-02 9.990599e-01 4.010325e-02 -8.756528e-01 1.188894e-02 -3.991027e-02 9.991317e-01 1.085003e+02
9.997784e-01 1.816791e-02 -1.060816e-02 1.117561e+00 -1.772896e-02 9.990383e-01 4.010193e-02 -8.546263e-01 1.132654e-02 -3.990496e-02 9.991385e-01 1.096278e+02
9.997210e-01 2.044969e-02 -1.179717e-02 1.074218e+00 -1.995582e-02 9.989777e-01 4.056302e-02 -8.542292e-01 1.261462e-02 -4.031627e-02 9.991065e-01 1.110527e+02
9.997039e-01 2.178533e-02 -1.081097e-02 8.140061e-01 -2.131772e-02 9.989056e-01 4.163136e-02 -8.509199e-01 1.170611e-02 -4.138856e-02 9.990737e-01 1.127509e+02
9.996608e-01 2.262672e-02 -1.286880e-02 9.281067e-01 -2.206646e-02 9.988685e-01 4.212850e-02 -8.348056e-01 1.380747e-02 -4.183023e-02 9.990284e-01 1.145739e+02
9.995619e-01 2.637206e-02 -1.341080e-02 8.025030e-01 -2.575784e-02 9.986960e-01 4.407745e-02 -7.959632e-01 1.455574e-02 -4.371269e-02 9.989372e-01 1.158202e+02
9.995294e-01 2.745620e-02 -1.365288e-02 7.154369e-01 -2.678323e-02 9.985241e-01 4.724669e-02 -7.370999e-01 1.492995e-02 -4.685878e-02 9.987891e-01 1.167554e+02
9.995390e-01 2.692797e-02 -1.400453e-02 6.990401e-01 -2.624671e-02 9.985620e-01 4.674434e-02 -6.909178e-01 1.524313e-02 -4.635520e-02 9.988078e-01 1.184903e+02
9.995888e-01 2.634810e-02 -1.128227e-02 3.652483e-01 -2.582203e-02 9.986766e-01 4.447874e-02 -5.936155e-01 1.243927e-02 -4.416911e-02 9.989458e-01 1.207383e+02
9.996942e-01 2.195841e-02 -1.135169e-02 1.990805e-01 -2.142336e-02 9.987445e-01 4.528210e-02 -5.428199e-01 1.233177e-02 -4.502505e-02 9.989089e-01 1.225896e+02
9.997436e-01 1.923571e-02 -1.192077e-02 1.109158e-01 -1.864730e-02 9.986901e-01 4.764703e-02 -5.752018e-01 1.282169e-02 -4.741251e-02 9.987923e-01 1.248396e+02
9.997537e-01 1.572106e-02 -1.564821e-02 4.346510e-01 -1.489597e-02 9.985610e-01 5.151596e-02 -7.481082e-01 1.643558e-02 -5.127016e-02 9.985487e-01 1.263111e+02
9.997506e-01 1.441109e-02 -1.704244e-02 4.636648e-01 -1.349017e-02 9.985049e-01 5.297006e-02 -7.030929e-01 1.778032e-02 -5.272693e-02 9.984498e-01 1.275200e+02
9.998000e-01 1.190820e-02 -1.605055e-02 3.267378e-01 -1.107015e-02 9.986205e-01 5.132760e-02 -6.520962e-01 1.663963e-02 -5.113964e-02 9.985520e-01 1.291871e+02
9.997672e-01 1.127230e-02 -1.838075e-02 4.270990e-01 -1.031716e-02 9.986323e-01 5.125557e-02 -6.656446e-01 1.893338e-02 -5.105399e-02 9.985155e-01 1.306284e+02
9.997219e-01 1.324331e-02 -1.949714e-02 4.518575e-01 -1.221422e-02 9.985731e-01 5.198634e-02 -7.123994e-01 2.015779e-02 -5.173374e-02 9.984566e-01 1.323202e+02
9.996336e-01 1.823764e-02 -1.998580e-02 6.122018e-01 -1.713865e-02 9.984023e-01 5.384433e-02 -8.359931e-01 2.093586e-02 -5.348206e-02 9.983484e-01 1.331577e+02
9.996436e-01 2.026713e-02 -1.735862e-02 3.053015e-01 -1.926673e-02 9.982461e-01 5.597927e-02 -8.036277e-01 1.846271e-02 -5.562488e-02 9.982801e-01 1.345668e+02
9.995077e-01 2.390591e-02 -2.029886e-02 7.245466e-01 -2.268760e-02 9.980434e-01 5.826483e-02 -8.439817e-01 2.165201e-02 -5.777561e-02 9.980938e-01 1.358241e+02
9.994524e-01 2.376277e-02 -2.301257e-02 1.055104e+00 -2.240525e-02 9.980912e-01 5.755260e-02 -9.173603e-01 2.433624e-02 -5.700548e-02 9.980763e-01 1.378690e+02
9.995282e-01 2.492632e-02 -1.792286e-02 4.273909e-01 -2.390098e-02 9.981833e-01 5.531050e-02 -8.022091e-01 1.926898e-02 -5.485604e-02 9.983074e-01 1.384395e+02
9.995043e-01 2.641979e-02 -1.710117e-02 2.953828e-01 -2.548111e-02 9.982717e-01 5.295791e-02 -7.474560e-01 1.847075e-02 -5.249590e-02 9.984494e-01 1.401013e+02
9.995351e-01 2.631619e-02 -1.536759e-02 5.242722e-02 -2.553262e-02 9.984660e-01 4.913376e-02 -6.987334e-01 1.663702e-02 -4.871855e-02 9.986731e-01 1.411192e+02
9.994943e-01 2.766893e-02 -1.564596e-02 4.131154e-02 -2.691165e-02 9.985465e-01 4.670008e-02 -7.217659e-01 1.691536e-02 -4.625541e-02 9.987856e-01 1.427198e+02
9.994120e-01 3.086420e-02 -1.490716e-02 -8.637495e-02 -3.013647e-02 9.984499e-01 4.679676e-02 -7.539577e-01 1.632839e-02 -4.632000e-02 9.987923e-01 1.438505e+02
9.994199e-01 3.070062e-02 -1.471881e-02 -2.047366e-01 -2.996717e-02 9.984123e-01 4.769998e-02 -7.482913e-01 1.615985e-02 -4.723122e-02 9.987524e-01 1.444930e+02
9.994084e-01 3.113280e-02 -1.458912e-02 -2.730777e-01 -3.039267e-02 9.983623e-01 4.846911e-02 -7.489826e-01 1.607420e-02 -4.799704e-02 9.987172e-01 1.458244e+02
9.993560e-01 3.201075e-02 -1.618666e-02 -2.111855e-01 -3.116289e-02 9.982546e-01 5.016853e-02 -7.476198e-01 1.776434e-02 -4.963181e-02 9.986087e-01 1.466798e+02
9.993387e-01 3.201951e-02 -1.720802e-02 -2.467186e-01 -3.110758e-02 9.982204e-01 5.087819e-02 -7.135169e-01 1.880649e-02 -5.030926e-02 9.985557e-01 1.477670e+02
9.993169e-01 3.141794e-02 -1.944184e-02 -1.551710e-01 -3.038535e-02 9.982208e-01 5.130432e-02 -7.373207e-01 2.101912e-02 -5.067854e-02 9.984930e-01 1.489422e+02
9.992666e-01 3.189078e-02 -2.117916e-02 -2.165831e-01 -3.075504e-02 9.981764e-01 5.194461e-02 -6.783080e-01 2.279709e-02 -5.125516e-02 9.984245e-01 1.490755e+02
9.992439e-01 3.062906e-02 -2.393245e-02 -9.234725e-02 -2.930150e-02 9.981121e-01 5.398078e-02 -7.218365e-01 2.554064e-02 -5.323872e-02 9.982542e-01 1.511949e+02
9.991924e-01 3.070214e-02 -2.590869e-02 -3.894019e-02 -2.922790e-02 9.980320e-01 5.548006e-02 -7.680233e-01 2.756105e-02 -5.467800e-02 9.981226e-01 1.534092e+02
9.991542e-01 3.073868e-02 -2.729872e-02 -9.491111e-02 -2.920754e-02 9.980692e-01 5.481872e-02 -7.335572e-01 2.893106e-02 -5.397504e-02 9.981222e-01 1.542655e+02
9.991471e-01 3.033811e-02 -2.799791e-02 -1.712068e-01 -2.878532e-02 9.981103e-01 5.428990e-02 -7.697704e-01 2.959205e-02 -5.343768e-02 9.981318e-01 1.561757e+02
9.990472e-01 3.077588e-02 -3.092987e-02 -6.119602e-02 -2.904176e-02 9.980622e-01 5.503249e-02 -7.702553e-01 3.256360e-02 -5.408182e-02 9.980045e-01 1.571790e+02
9.990752e-01 3.007264e-02 -3.071823e-02 -2.712138e-01 -2.837414e-02 9.981211e-01 5.430764e-02 -7.241964e-01 3.229369e-02 -5.338583e-02 9.980507e-01 1.582180e+02
9.990087e-01 3.063281e-02 -3.228867e-02 -2.862340e-01 -2.887052e-02 9.981397e-01 5.370023e-02 -7.045194e-01 3.387359e-02 -5.271483e-02 9.980341e-01 1.597689e+02
9.989409e-01 3.098608e-02 -3.400109e-02 -2.550608e-01 -2.908245e-02 9.980561e-01 5.512133e-02 -7.518471e-01 3.564299e-02 -5.407414e-02 9.978997e-01 1.611399e+02
9.989928e-01 3.050618e-02 -3.289327e-02 -5.104692e-01 -2.858615e-02 9.979453e-01 5.734133e-02 -7.790734e-01 3.457495e-02 -5.634331e-02 9.978117e-01 1.627180e+02
9.989234e-01 3.258455e-02 -3.300783e-02 -5.734259e-01 -3.062229e-02 9.978291e-01 5.830394e-02 -7.318957e-01 3.483598e-02 -5.723041e-02 9.977521e-01 1.640247e+02
9.988338e-01 3.436815e-02 -3.389815e-02 -6.271184e-01 -3.234974e-02 9.977693e-01 5.839448e-02 -6.444532e-01 3.582944e-02 -5.722980e-02 9.977169e-01 1.655455e+02
9.987605e-01 3.611923e-02 -3.423756e-02 -6.475776e-01 -3.401986e-02 9.976164e-01 6.003482e-02 -6.614242e-01 3.632437e-02 -5.879566e-02 9.976079e-01 1.662565e+02
9.986896e-01 3.643191e-02 -3.593297e-02 -6.026689e-01 -3.424075e-02 9.976220e-01 5.981675e-02 -6.406227e-01 3.802676e-02 -5.850800e-02 9.975614e-01 1.674718e+02
9.986166e-01 3.755338e-02 -3.679513e-02 -6.123698e-01 -3.531221e-02 9.975871e-01 5.977459e-02 -5.960993e-01 3.895109e-02 -5.839260e-02 9.975325e-01 1.688741e+02
9.985768e-01 3.802727e-02 -3.738458e-02 -6.389621e-01 -3.570273e-02 9.974993e-01 6.099472e-02 -5.872893e-01 3.961056e-02 -5.957319e-02 9.974368e-01 1.701598e+02
9.985290e-01 3.756732e-02 -3.908914e-02 -6.058156e-01 -3.516501e-02 9.975528e-01 6.042889e-02 -5.615320e-01 4.126364e-02 -5.896543e-02 9.974058e-01 1.715253e+02
9.985431e-01 3.542912e-02 -4.069168e-02 -6.247201e-01 -3.296331e-02 9.976690e-01 5.974804e-02 -5.524817e-01 4.271366e-02 -5.831966e-02 9.973828e-01 1.725038e+02
9.985502e-01 3.368628e-02 -4.197770e-02 -6.320662e-01 -3.111503e-02 9.976849e-01 6.046964e-02 -5.490871e-01 4.391752e-02 -5.907583e-02 9.972860e-01 1.734217e+02
9.984428e-01 3.434534e-02 -4.395294e-02 -6.126204e-01 -3.142759e-02 9.973617e-01 6.543543e-02 -6.103422e-01 4.608439e-02 -6.395219e-02 9.968874e-01 1.757169e+02
9.983787e-01 3.410970e-02 -4.556226e-02 -5.662703e-01 -3.085613e-02 9.970486e-01 7.029799e-02 -5.944196e-01 4.782562e-02 -6.877812e-02 9.964840e-01 1.770311e+02
9.983181e-01 3.500574e-02 -4.620486e-02 -6.062376e-01 -3.172323e-02 9.970452e-01 6.995875e-02 -5.531858e-01 4.851729e-02 -6.837530e-02 9.964783e-01 1.782717e+02
9.984798e-01 3.643849e-02 -4.134720e-02 -1.137160e+00 -3.362112e-02 9.971929e-01 6.690159e-02 -4.784817e-01 4.366893e-02 -6.540973e-02 9.969016e-01 1.796990e+02
9.982681e-01 3.841234e-02 -4.454906e-02 -7.676140e-01 -3.546066e-02 9.972383e-01 6.525406e-02 -4.384308e-01 4.693259e-02 -6.356129e-02 9.968728e-01 1.793291e+02
9.983107e-01 3.880627e-02 -4.323317e-02 -9.726434e-01 -3.591483e-02 9.971889e-01 6.575990e-02 -3.819280e-01 4.566353e-02 -6.409608e-02 9.968975e-01 1.806750e+02
9.982264e-01 3.935080e-02 -4.466432e-02 -8.797891e-01 -3.625884e-02 9.970232e-01 6.804363e-02 -4.147122e-01 4.720893e-02 -6.630345e-02 9.966811e-01 1.818787e+02
9.984115e-01 3.958550e-02 -4.008431e-02 -1.378440e+00 -3.670273e-02 9.968529e-01 7.026399e-02 -3.660960e-01 4.273959e-02 -6.868115e-02 9.967218e-01 1.829981e+02
9.984804e-01 3.914466e-02 -3.877836e-02 -1.493048e+00 -3.631184e-02 9.967977e-01 7.124180e-02 -3.104189e-01 4.144293e-02 -6.972540e-02 9.967041e-01 1.838501e+02
9.983883e-01 4.012607e-02 -4.012442e-02 -1.392234e+00 -3.717260e-02 9.967242e-01 7.182459e-02 -3.026848e-01 4.287502e-02 -7.021727e-02 9.966090e-01 1.851062e+02
9.981930e-01 4.396950e-02 -4.094643e-02 -1.266835e+00 -4.096211e-02 9.965921e-01 7.159479e-02 -3.501573e-01 4.395488e-02 -6.978813e-02 9.965920e-01 1.865532e+02
9.977058e-01 4.819844e-02 -4.753048e-02 -8.401604e-01 -4.460928e-02 9.962686e-01 7.388175e-02 -5.549830e-01 5.091411e-02 -7.159191e-02 9.961327e-01 1.882458e+02
9.978521e-01 4.779590e-02 -4.478646e-02 -1.059564e+00 -4.439220e-02 9.962594e-01 7.413522e-02 -5.507045e-01 4.816230e-02 -7.198778e-02 9.962410e-01 1.889709e+02
9.978877e-01 4.852433e-02 -4.318102e-02 -1.189513e+00 -4.518574e-02 9.961444e-01 7.519343e-02 -5.108943e-01 4.666325e-02 -7.308339e-02 9.962326e-01 1.898501e+02
9.980080e-01 4.791192e-02 -4.103085e-02 -1.369804e+00 -4.465481e-02 9.960364e-01 7.692133e-02 -4.344029e-01 4.455367e-02 -7.493583e-02 9.961915e-01 1.907803e+02
9.979652e-01 4.929733e-02 -4.042561e-02 -1.432762e+00 -4.606618e-02 9.959428e-01 7.729881e-02 -3.563239e-01 4.407223e-02 -7.527921e-02 9.961870e-01 1.923594e+02
9.980270e-01 4.952678e-02 -3.857823e-02 -1.624800e+00 -4.638955e-02 9.958450e-01 7.835897e-02 -3.396923e-01 4.229882e-02 -7.641468e-02 9.961775e-01 1.929938e+02
9.979925e-01 5.095464e-02 -3.759677e-02 -1.704183e+00 -4.787778e-02 9.957525e-01 7.863767e-02 -2.780970e-01 4.144405e-02 -7.667971e-02 9.961930e-01 1.946722e+02
9.979439e-01 5.078416e-02 -3.908746e-02 -1.556177e+00 -4.755625e-02 9.956998e-01 7.949571e-02 -2.588807e-01 4.295652e-02 -7.747335e-02 9.960675e-01 1.959917e+02
9.978377e-01 5.235098e-02 -3.972720e-02 -1.511500e+00 -4.902554e-02 9.955472e-01 8.050727e-02 -2.685356e-01 4.376496e-02 -7.838549e-02 9.959609e-01 1.976039e+02
9.979913e-01 5.241290e-02 -3.556731e-02 -1.823375e+00 -4.939238e-02 9.954843e-01 8.105844e-02 -2.151545e-01 3.965523e-02 -7.913883e-02 9.960735e-01 1.983332e+02
9.979914e-01 5.183626e-02 -3.639853e-02 -1.794599e+00 -4.873797e-02 9.954897e-01 8.138704e-02 -1.638087e-01 4.045320e-02 -7.944955e-02 9.960167e-01 1.993623e+02
9.980122e-01 5.187562e-02 -3.576659e-02 -1.910889e+00 -4.878560e-02 9.954012e-01 8.243457e-02 -1.117987e-01 3.987848e-02 -8.052579e-02 9.959534e-01 2.000446e+02
9.980266e-01 5.151435e-02 -3.588733e-02 -1.993282e+00 -4.835868e-02 9.953038e-01 8.384993e-02 -5.917335e-02 4.003830e-02 -8.194897e-02 9.958310e-01 2.006861e+02
9.978766e-01 5.273814e-02 -3.820663e-02 -1.877526e+00 -4.934022e-02 9.951586e-01 8.499398e-02 -7.652577e-02 4.250412e-02 -8.292835e-02 9.956477e-01 2.024918e+02
9.976432e-01 5.407754e-02 -4.221818e-02 -1.616939e+00 -5.035210e-02 9.951238e-01 8.480684e-02 -6.673655e-02 4.659850e-02 -8.248116e-02 9.955017e-01 2.043539e+02
9.975898e-01 5.430914e-02 -4.317323e-02 -1.645692e+00 -5.048102e-02 9.950758e-01 8.529213e-02 -4.307029e-02 4.759282e-02 -8.290710e-02 9.954193e-01 2.052269e+02
9.976486e-01 5.448573e-02 -4.156088e-02 -1.881800e+00 -5.078884e-02 9.950559e-01 8.534241e-02 3.362735e-02 4.600538e-02 -8.303089e-02 9.954836e-01 2.059535e+02
9.975746e-01 5.426590e-02 -4.357505e-02 -1.895084e+00 -5.035055e-02 9.949859e-01 8.641059e-02 4.639629e-02 4.804574e-02 -8.400697e-02 9.953053e-01 2.067304e+02
9.976399e-01 5.374846e-02 -4.271332e-02 -2.110534e+00 -4.985885e-02 9.949219e-01 8.742739e-02 1.046346e-01 4.719554e-02 -8.509140e-02 9.952539e-01 2.078378e+02
9.975321e-01 5.317035e-02 -4.583961e-02 -2.085266e+00 -4.891482e-02 9.947911e-01 8.942605e-02 1.664424e-01 5.035568e-02 -8.696312e-02 9.949372e-01 2.088522e+02
9.974520e-01 5.414554e-02 -4.643798e-02 -2.287723e+00 -4.975178e-02 9.946022e-01 9.105098e-02 2.678938e-01 5.111735e-02 -8.850862e-02 9.947621e-01 2.097628e+02
9.972886e-01 5.459318e-02 -4.933220e-02 -2.339015e+00 -4.990274e-02 9.945289e-01 9.176605e-02 3.253098e-01 5.407212e-02 -8.905544e-02 9.945571e-01 2.105256e+02
9.969132e-01 5.528070e-02 -5.573736e-02 -2.127240e+00 -4.998097e-02 9.944695e-01 9.236586e-02 3.340060e-01 6.053518e-02 -8.929495e-02 9.941632e-01 2.115637e+02
9.966787e-01 5.524520e-02 -5.981641e-02 -2.143565e+00 -4.952317e-02 9.944103e-01 9.324627e-02 3.813584e-01 6.463348e-02 -8.997430e-02 9.938439e-01 2.126400e+02
9.964285e-01 5.576036e-02 -6.339850e-02 -2.229323e+00 -4.964876e-02 9.943146e-01 9.419542e-02 4.455753e-01 6.829043e-02 -9.071138e-02 9.935324e-01 2.135616e+02
9.960327e-01 5.650675e-02 -6.873442e-02 -2.136164e+00 -4.988722e-02 9.942757e-01 9.447868e-02 5.075276e-01 7.367967e-02 -9.067491e-02 9.931505e-01 2.149077e+02
9.953827e-01 5.692821e-02 -7.727115e-02 -1.822829e+00 -4.951081e-02 9.942708e-01 9.472886e-02 5.537184e-01 8.222121e-02 -9.046575e-02 9.924990e-01 2.160061e+02
9.950146e-01 5.733979e-02 -8.158739e-02 -1.850872e+00 -4.951954e-02 9.942595e-01 9.484216e-02 5.971270e-01 8.655729e-02 -9.032919e-02 9.921427e-01 2.170231e+02
9.943931e-01 5.979151e-02 -8.721150e-02 -1.750652e+00 -5.137961e-02 9.940829e-01 9.570014e-02 6.218666e-01 9.241755e-02 -9.068269e-02 9.915817e-01 2.181882e+02
9.940218e-01 6.048420e-02 -9.088906e-02 -1.852983e+00 -5.172981e-02 9.940583e-01 9.576752e-02 6.735049e-01 9.614147e-02 -9.049334e-02 9.912449e-01 2.196320e+02
9.938040e-01 6.201404e-02 -9.222936e-02 -2.123931e+00 -5.309544e-02 9.939449e-01 9.619536e-02 7.389420e-01 9.763639e-02 -9.070240e-02 9.910796e-01 2.206295e+02
9.935035e-01 6.299656e-02 -9.476633e-02 -2.139535e+00 -5.373118e-02 9.938001e-01 9.733225e-02 7.882082e-01 1.003104e-01 -9.160805e-02 9.907292e-01 2.213706e+02
9.933870e-01 6.311080e-02 -9.590458e-02 -2.183860e+00 -5.356299e-02 9.936383e-01 9.906173e-02 8.156106e-01 1.015464e-01 -9.326974e-02 9.904482e-01 2.225499e+02
9.930951e-01 6.338724e-02 -9.870469e-02 -2.041748e+00 -5.332065e-02 9.934070e-01 1.014825e-01 7.851055e-01 1.044867e-01 -9.551880e-02 9.899279e-01 2.229561e+02
9.929181e-01 6.326324e-02 -1.005476e-01 -1.970862e+00 -5.294988e-02 9.933611e-01 1.021238e-01 7.783940e-01 1.063408e-01 -9.607666e-02 9.896765e-01 2.235697e+02
9.927269e-01 6.475693e-02 -1.014804e-01 -1.999131e+00 -5.454423e-02 9.934537e-01 1.003685e-01 8.450988e-01 1.073157e-01 -9.410342e-02 9.897608e-01 2.243276e+02
9.929374e-01 6.462111e-02 -9.948765e-02 -2.229690e+00 -5.477503e-02 9.936078e-01 9.870390e-02 9.006547e-01 1.052301e-01 -9.255740e-02 9.901305e-01 2.252906e+02
9.928139e-01 6.496340e-02 -1.004914e-01 -2.137381e+00 -5.515397e-02 9.937067e-01 9.748977e-02 9.358135e-01 1.061923e-01 -9.124675e-02 9.901494e-01 2.255879e+02
9.928922e-01 6.557675e-02 -9.931331e-02 -2.234017e+00 -5.589990e-02 9.936866e-01 9.726912e-02 9.958026e-01 1.050649e-01 -9.102619e-02 9.902899e-01 2.265464e+02
9.931537e-01 6.563515e-02 -9.662300e-02 -2.412502e+00 -5.618459e-02 9.936503e-01 9.747592e-02 1.059598e+00 1.024074e-01 -9.137990e-02 9.905357e-01 2.276462e+02
9.932775e-01 6.566021e-02 -9.532445e-02 -2.446885e+00 -5.635295e-02 9.936633e-01 9.724654e-02 1.119577e+00 1.011057e-01 -9.122105e-02 9.906841e-01 2.281317e+02
9.934031e-01 6.609479e-02 -9.370206e-02 -2.564739e+00 -5.696375e-02 9.936543e-01 9.698161e-02 1.181944e+00 9.951749e-02 -9.100427e-02 9.908648e-01 2.292585e+02
9.933773e-01 6.633975e-02 -9.380188e-02 -2.531757e+00 -5.729197e-02 9.937247e-01 9.606276e-02 1.233280e+00 9.958607e-02 -9.005253e-02 9.909449e-01 2.299880e+02
9.935712e-01 6.663970e-02 -9.150717e-02 -2.590000e+00 -5.781528e-02 9.937087e-01 9.591401e-02 1.307709e+00 9.732319e-02 -9.000695e-02 9.911737e-01 2.306833e+02
9.937081e-01 6.654164e-02 -9.008027e-02 -2.525843e+00 -5.780609e-02 9.936686e-01 9.633525e-02 1.353640e+00 9.592028e-02 -9.052201e-02 9.912636e-01 2.313915e+02
9.940742e-01 6.567997e-02 -8.660689e-02 -2.701725e+00 -5.725741e-02 9.936954e-01 9.638640e-02 1.434302e+00 9.239157e-02 -9.085643e-02 9.915681e-01 2.324439e+02
9.943416e-01 6.546813e-02 -8.364741e-02 -2.743123e+00 -5.733716e-02 9.937125e-01 9.616228e-02 1.503554e+00 8.941709e-02 -9.082213e-02 9.918439e-01 2.331395e+02
9.945928e-01 6.532413e-02 -8.072094e-02 -2.779194e+00 -5.747718e-02 9.937220e-01 9.597987e-02 1.534118e+00 8.648402e-02 -9.082136e-02 9.921041e-01 2.337339e+02
9.948818e-01 6.533732e-02 -7.706692e-02 -2.896989e+00 -5.783302e-02 9.937108e-01 9.588204e-02 1.603726e+00 8.284695e-02 -9.093437e-02 9.924040e-01 2.347546e+02
9.950672e-01 6.661651e-02 -7.349617e-02 -2.943366e+00 -5.949748e-02 9.936847e-01 9.513114e-02 1.634469e+00 7.936937e-02 -9.028912e-02 9.927471e-01 2.352682e+02
9.952837e-01 6.708476e-02 -7.005899e-02 -3.024572e+00 -6.033200e-02 9.937025e-01 9.441739e-02 1.690746e+00 7.595181e-02 -8.974537e-02 9.930637e-01 2.360952e+02
9.955257e-01 6.782820e-02 -6.577298e-02 -3.135017e+00 -6.142393e-02 9.935865e-01 9.493301e-02 1.750722e+00 7.179032e-02 -9.046829e-02 9.933077e-01 2.364278e+02
9.956400e-01 6.870286e-02 -6.307919e-02 -3.155588e+00 -6.249806e-02 9.934593e-01 9.556056e-02 1.771536e+00 6.923192e-02 -9.120168e-02 9.934222e-01 2.366592e+02
9.958559e-01 6.812873e-02 -6.023038e-02 -3.309369e+00 -6.222279e-02 9.935288e-01 9.501640e-02 1.852736e+00 6.631399e-02 -9.087502e-02 9.936512e-01 2.376507e+02
9.960162e-01 6.843278e-02 -5.715650e-02 -3.445803e+00 -6.291109e-02 9.936409e-01 9.337693e-02 1.898961e+00 6.318310e-02 -8.940923e-02 9.939881e-01 2.382891e+02
9.959044e-01 6.965581e-02 -5.762578e-02 -3.063834e+00 -6.416054e-02 9.936650e-01 9.226298e-02 1.764235e+00 6.368740e-02 -8.818787e-02 9.940650e-01 2.372048e+02
9.961699e-01 6.319217e-02 -6.041991e-02 -2.846881e+00 -5.761561e-02 9.942768e-01 8.996261e-02 1.963082e+00 6.575907e-02 -8.613698e-02 9.941100e-01 2.385896e+02
9.962111e-01 6.338190e-02 -5.953446e-02 -2.910082e+00 -5.790003e-02 9.942858e-01 8.967968e-02 1.979515e+00 6.487836e-02 -8.589292e-02 9.941890e-01 2.388748e+02
9.962281e-01 6.309390e-02 -5.955594e-02 -3.035452e+00 -5.763018e-02 9.943283e-01 8.938164e-02 2.045099e+00 6.485761e-02 -8.561235e-02 9.942145e-01 2.402729e+02
9.962150e-01 6.506113e-02 -5.762744e-02 -3.423666e+00 -5.975968e-02 9.942032e-01 8.937509e-02 2.128289e+00 6.310824e-02 -8.559307e-02 9.943288e-01 2.417095e+02
9.962935e-01 6.518836e-02 -5.610526e-02 -3.393794e+00 -6.002796e-02 9.942022e-01 8.920551e-02 2.140052e+00 6.159515e-02 -8.550705e-02 9.944310e-01 2.414839e+02
9.964085e-01 6.454397e-02 -5.479433e-02 -3.435811e+00 -5.956936e-02 9.943355e-01 8.801861e-02 2.157221e+00 6.016504e-02 -8.443850e-02 9.946098e-01 2.419470e+02
9.965849e-01 6.031549e-02 -5.638035e-02 -3.234429e+00 -5.533659e-02 9.947526e-01 8.604678e-02 2.189971e+00 6.127447e-02 -8.263309e-02 9.946937e-01 2.423290e+02
9.969267e-01 5.645125e-02 -5.430129e-02 -3.435162e+00 -5.169943e-02 9.950165e-01 8.525340e-02 2.270150e+00 5.884336e-02 -8.218411e-02 9.948776e-01 2.430459e+02
9.967492e-01 6.007973e-02 -5.366114e-02 -3.478971e+00 -5.512460e-02 9.944615e-01 8.947925e-02 2.309996e+00 5.873984e-02 -8.623041e-02 9.945412e-01 2.440357e+02
9.964124e-01 6.538861e-02 -5.370955e-02 -3.448720e+00 -6.001607e-02 9.935517e-01 9.618746e-02 2.316005e+00 5.965279e-02 -9.261904e-02 9.939123e-01 2.450496e+02
9.966039e-01 6.419971e-02 -5.154734e-02 -3.491096e+00 -5.886096e-02 9.933305e-01 9.914068e-02 2.400826e+00 5.756836e-02 -9.576996e-02 9.937366e-01 2.452405e+02
9.968114e-01 6.350112e-02 -4.829778e-02 -3.467008e+00 -5.861663e-02 9.935969e-01 9.658327e-02 2.431618e+00 5.412168e-02 -9.344435e-02 9.941515e-01 2.449314e+02
9.968854e-01 6.406995e-02 -4.596293e-02 -3.404414e+00 -5.970902e-02 9.940877e-01 9.068322e-02 2.464415e+00 5.150126e-02 -8.765646e-02 9.948177e-01 2.458845e+02
9.970098e-01 6.547556e-02 -4.101745e-02 -3.526049e+00 -6.172297e-02 9.943032e-01 8.689272e-02 2.548467e+00 4.647314e-02 -8.410125e-02 9.953721e-01 2.465308e+02
9.970316e-01 6.764037e-02 -3.675421e-02 -3.778363e+00 -6.423923e-02 9.941397e-01 8.693975e-02 2.613077e+00 4.241946e-02 -8.432069e-02 9.955345e-01 2.478489e+02
9.970545e-01 6.828839e-02 -3.488503e-02 -3.724183e+00 -6.493808e-02 9.938658e-01 8.951312e-02 2.619531e+00 4.078375e-02 -8.698418e-02 9.953737e-01 2.491074e+02
9.973095e-01 6.615654e-02 -3.154421e-02 -3.655988e+00 -6.298662e-02 9.937032e-01 9.265704e-02 2.642730e+00 3.747546e-02 -9.042098e-02 9.951975e-01 2.494456e+02
9.975325e-01 6.497049e-02 -2.656792e-02 -3.739281e+00 -6.220858e-02 9.936149e-01 9.411915e-02 2.659180e+00 3.251326e-02 -9.223425e-02 9.952056e-01 2.498174e+02
9.974960e-01 6.632967e-02 -2.449904e-02 -3.742266e+00 -6.373299e-02 9.934551e-01 9.478420e-02 2.735412e+00 3.062570e-02 -9.298557e-02 9.951956e-01 2.516851e+02
9.972903e-01 7.038626e-02 -2.135595e-02 -3.964553e+00 -6.812613e-02 9.933680e-01 9.261636e-02 2.841368e+00 2.773324e-02 -9.091060e-02 9.954721e-01 2.535720e+02
9.972550e-01 7.155602e-02 -1.898886e-02 -3.993145e+00 -6.954658e-02 9.934137e-01 9.105586e-02 2.831742e+00 2.537939e-02 -8.948539e-02 9.956639e-01 2.545577e+02
9.972834e-01 7.149563e-02 -1.767895e-02 -3.829542e+00 -6.960131e-02 9.934007e-01 9.115698e-02 2.883887e+00 2.407961e-02 -8.967895e-02 9.956788e-01 2.553029e+02
9.972280e-01 7.274479e-02 -1.558588e-02 -3.797638e+00 -7.099911e-02 9.931588e-01 9.270100e-02 2.983626e+00 2.222277e-02 -9.133752e-02 9.955712e-01 2.566228e+02
9.971354e-01 7.436651e-02 -1.374241e-02 -3.669958e+00 -7.274335e-02 9.928533e-01 9.460182e-02 3.019589e+00 2.067940e-02 -9.333125e-02 9.954195e-01 2.576098e+02
9.971482e-01 7.476099e-02 -1.021628e-02 -3.672807e+00 -7.347142e-02 9.928311e-01 9.427281e-02 3.063286e+00 1.719096e-02 -9.325344e-02 9.954932e-01 2.578824e+02
9.971712e-01 7.475861e-02 -7.681814e-03 -3.691494e+00 -7.371764e-02 9.928898e-01 9.345891e-02 3.137340e+00 1.461404e-02 -9.262833e-02 9.955927e-01 2.589401e+02
9.973224e-01 7.289285e-02 -5.726974e-03 -3.597420e+00 -7.204601e-02 9.930487e-01 9.307312e-02 3.170403e+00 1.247152e-02 -9.241140e-02 9.956419e-01 2.596346e+02
9.975539e-01 6.982861e-02 -2.895398e-03 -3.643884e+00 -6.925435e-02 9.932212e-01 9.335090e-02 3.228068e+00 9.394323e-03 -9.292213e-02 9.956282e-01 2.600832e+02
9.976300e-01 6.878690e-02 -9.590203e-04 -3.764720e+00 -6.839866e-02 9.932986e-01 9.315839e-02 3.297844e+00 7.360657e-03 -9.287210e-02 9.956499e-01 2.609765e+02
9.976581e-01 6.838154e-02 6.630589e-04 -3.854042e+00 -6.814413e-02 9.932886e-01 9.345053e-02 3.308566e+00 5.731669e-03 -9.327696e-02 9.956228e-01 2.615056e+02
9.976210e-01 6.887605e-02 2.569469e-03 -3.996426e+00 -6.881449e-02 9.932442e-01 9.343153e-02 3.353515e+00 3.883071e-03 -9.338617e-02 9.956214e-01 2.621341e+02
9.976048e-01 6.912561e-02 2.100967e-03 -3.946776e+00 -6.901542e-02 9.931493e-01 9.428858e-02 3.382577e+00 4.431167e-03 -9.420785e-02 9.955418e-01 2.628454e+02
