1.000000e+00 0.000000e+00 0.000000e+00 0.000000e+00 0.000000e+00 1.000000e+00 0.000000e+00 0.000000e+00 0.000000e+00 0.000000e+00 1.000000e+00 0.000000e+00
9.989675e-01 -7.809185e-04 4.542353e-02 -4.013336e-01 8.619780e-04 9.999981e-01 -1.764970e-03 6.886792e-03 -4.542207e-02 1.802301e-03 9.989663e-01 1.136691e-01
9.984805e-01 -4.981238e-03 5.488111e-02 -3.746623e-01 5.411644e-03 9.999558e-01 -7.696706e-03 2.773415e-02 -5.484034e-02 7.982007e-03 9.984632e-01 2.774082e-01
9.947047e-01 -9.789497e-03 1.023071e-01 -6.982059e-01 1.083080e-02 9.998951e-01 -9.627643e-03 1.678889e-02 -1.022021e-01 1.068473e-02 9.947062e-01 4.606432e-01
9.922937e-01 -7.103739e-03 1.237044e-01 -8.374106e-01 8.683943e-03 9.998875e-01 -1.223953e-02 2.690975e-02 -1.236035e-01 1.321945e-02 9.922436e-01 5.132611e-01
9.863657e-01 -1.500654e-02 1.638822e-01 -1.023285e+00 1.699757e-02 9.997978e-01 -1.075358e-02 1.357635e-02 -1.636877e-01 1.339256e-02 9.864212e-01 7.665083e-01
9.773716e-01 -1.977529e-02 2.106030e-01 -1.378871e+00 2.257117e-02 9.996861e-01 -1.087992e-02 7.380269e-03 -2.103217e-01 1.538728e-02 9.775110e-01 9.097379e-01
9.657100e-01 -2.348118e-02 2.585590e-01 -1.510769e+00 2.752242e-02 9.995490e-01 -1.202083e-02 -9.045037e-03 -2.581601e-01 1.872481e-02 9.659206e-01 1.419770e+00
9.519656e-01 -2.693797e-02 3.050179e-01 -1.725912e+00 3.206898e-02 9.994158e-01 -1.182338e-02 -3.219723e-02 -3.045211e-01 2.103706e-02 9.522731e-01 1.790586e+00
9.366200e-01 -2.928933e-02 3.491207e-01 -1.776762e+00 3.547609e-02 9.993062e-01 -1.133879e-02 -4.932885e-02 -3.485464e-01 2.300557e-02 9.370090e-01 2.211875e+00
9.190173e-01 -3.417717e-02 3.927330e-01 -1.919248e+00 4.080627e-02 9.991305e-01 -8.540712e-03 -7.303548e-02 -3.920997e-01 2.387503e-02 9.196128e-01 2.533564e+00
8.987403e-01 -3.689982e-02 4.369262e-01 -2.155384e+00 4.363958e-02 9.990328e-01 -5.393407e-03 -9.706271e-02 -4.363045e-01 2.391455e-02 8.994811e-01 2.856408e+00
8.757122e-01 -3.896543e-02 4.812587e-01 -2.220181e+00 4.527658e-02 9.989734e-01 -1.504032e-03 -1.293414e-01 -4.807060e-01 2.310685e-02 8.765772e-01 3.119085e+00
8.507795e-01 -4.091641e-02 5.239276e-01 -2.231271e+00 4.783092e-02 9.988554e-01 3.359185e-04 -1.436431e-01 -5.233417e-01 2.477415e-02 8.517627e-01 3.584846e+00
8.239964e-01 -4.604032e-02 5.647215e-01 -2.316278e+00 5.361535e-02 9.985566e-01 3.178559e-03 -1.627671e-01 -5.640528e-01 2.765862e-02 8.252754e-01 3.877363e+00
7.937952e-01 -4.762704e-02 6.063175e-01 -2.429977e+00 5.520368e-02 9.984562e-01 6.156995e-03 -1.977536e-01 -6.056746e-01 2.858356e-02 7.951988e-01 4.229086e+00
7.603492e-01 -5.432362e-02 6.472390e-01 -2.667924e+00 6.148197e-02 9.980416e-01 1.154050e-02 -2.383598e-01 -6.465982e-01 3.101872e-02 7.621998e-01 4.583405e+00
7.237372e-01 -5.906635e-02 6.875432e-01 -3.046232e+00 6.550241e-02 9.977117e-01 1.676207e-02 -3.030615e-01 -6.869599e-01 3.290441e-02 7.259498e-01 5.076619e+00
6.843749e-01 -6.104954e-02 7.265701e-01 -3.187136e+00 6.724861e-02 9.975263e-01 2.047324e-02 -3.545323e-01 -7.260225e-01 3.484946e-02 6.867871e-01 5.512668e+00
6.420121e-01 -6.779877e-02 7.636909e-01 -3.534645e+00 7.507523e-02 9.968548e-01 2.538503e-02 -4.260383e-01 -7.630100e-01 4.103679e-02 6.450825e-01 6.027535e+00
5.982416e-01 -7.369916e-02 7.979195e-01 -3.860484e+00 7.946734e-02 9.963095e-01 3.244251e-02 -5.113629e-01 -7.973656e-01 4.400009e-02 6.018901e-01 6.454551e+00
5.861616e-01 -7.151938e-02 8.070314e-01 -4.071065e+00 8.038652e-02 9.963150e-01 2.990758e-02 -5.140703e-01 -8.061964e-01 4.734377e-02 5.897505e-01 6.544319e+00
5.440586e-01 -7.973933e-02 8.352497e-01 -4.453447e+00 9.322134e-02 9.950553e-01 3.427382e-02 -6.079313e-01 -8.338525e-01 5.921613e-02 5.488015e-01 6.887176e+00
5.045223e-01 -8.150682e-02 8.595429e-01 -4.823397e+00 9.547459e-02 9.946955e-01 3.828247e-02 -6.671001e-01 -8.581036e-01 6.275015e-02 5.096276e-01 7.284791e+00
4.562799e-01 -9.246407e-02 8.850192e-01 -5.183104e+00 1.056943e-01 9.931772e-01 4.927241e-02 -7.898529e-01 -8.835368e-01 7.105951e-02 4.629395e-01 7.708249e+00
4.173580e-01 -1.008441e-01 9.031295e-01 -5.483673e+00 1.202867e-01 9.912093e-01 5.509178e-02 -8.634561e-01 -9.007460e-01 8.564145e-02 4.258191e-01 8.003660e+00
3.723042e-01 -1.117666e-01 9.213566e-01 -5.753346e+00 1.303076e-01 9.891841e-01 6.733949e-02 -1.009739e+00 -9.189175e-01 9.498904e-02 3.828413e-01 8.320848e+00
3.390718e-01 -1.185919e-01 9.332557e-01 -6.056643e+00 1.402805e-01 9.873055e-01 7.449321e-02 -1.077249e+00 -9.302427e-01 1.056590e-01 3.514034e-01 8.570097e+00
3.060990e-01 -1.246626e-01 9.438022e-01 -6.234165e+00 1.492200e-01 9.854177e-01 8.176360e-02 -1.141100e+00 -9.402321e-01 1.158065e-01 3.202373e-01 8.817348e+00
2.730706e-01 -1.292752e-01 9.532683e-01 -6.394967e+00 1.558123e-01 9.837888e-01 8.878063e-02 -1.213689e+00 -9.492916e-01 1.242876e-01 2.887864e-01 9.100046e+00
2.412207e-01 -1.272762e-01 9.620880e-01 -5.605285e+00 1.514163e-01 9.841577e-01 9.223181e-02 -1.159758e+00 -9.585850e-01 1.234276e-01 2.566708e-01 9.363390e+00
2.110877e-01 -1.263764e-01 9.692631e-01 -4.880407e+00 1.490155e-01 9.841766e-01 9.586805e-02 -1.112995e+00 -9.660413e-01 1.241987e-01 2.265795e-01 9.617489e+00
1.811170e-01 -1.266827e-01 9.752682e-01 -4.107632e+00 1.482049e-01 9.838598e-01 1.002755e-01 -1.047850e+00 -9.722301e-01 1.263780e-01 1.969687e-01 9.813841e+00
1.513986e-01 -1.272275e-01 9.802508e-01 -3.306223e+00 1.476596e-01 9.834661e-01 1.048390e-01 -9.727817e-01 -9.773814e-01 1.288710e-01 1.676817e-01 1.000507e+01
1.219344e-01 -1.281666e-01 9.842283e-01 -2.619485e+00 1.436858e-01 9.834613e-01 1.102657e-01 -9.104049e-01 -9.820824e-01 1.279745e-01 1.383334e-01 1.016003e+01
9.422892e-02 -1.290533e-01 9.871505e-01 -2.062344e+00 1.429922e-01 9.830357e-01 1.148660e-01 -8.697708e-01 -9.852276e-01 1.303312e-01 1.110840e-01 1.030929e+01
6.612793e-02 -1.299511e-01 9.893128e-01 -1.314542e+00 1.431649e-01 9.824603e-01 1.194815e-01 -8.155747e-01 -9.874868e-01 1.337339e-01 8.357247e-02 1.047585e+01
3.972000e-02 -1.294422e-01 9.907911e-01 -4.005598e-01 1.439376e-01 9.819731e-01 1.225198e-01 -7.110728e-01 -9.887890e-01 1.377456e-01 5.763552e-02 1.064972e+01
1.647669e-02 -1.290951e-01 9.914953e-01 1.753790e-01 1.463377e-01 9.812633e-01 1.253310e-01 -6.532362e-01 -9.890971e-01 1.430282e-01 3.505942e-02 1.078446e+01
-4.073618e-03 -1.296143e-01 9.915560e-01 7.293890e-01 1.504882e-01 9.801927e-01 1.287471e-01 -6.011310e-01 -9.886031e-01 1.497420e-01 1.551247e-02 1.090233e+01
-2.081679e-02 -1.302930e-01 9.912570e-01 9.727371e-01 1.558116e-01 9.789348e-01 1.319454e-01 -5.833185e-01 -9.875671e-01 1.571961e-01 -7.714145e-05 1.099366e+01
-3.646855e-02 -1.308268e-01 9.907342e-01 1.129627e+00 1.587036e-01 9.780542e-01 1.349942e-01 -5.724524e-01 -9.866523e-01 1.621562e-01 -1.490553e-02 1.105209e+01
-5.133220e-02 -1.319113e-01 9.899315e-01 1.451740e+00 1.601378e-01 9.773250e-01 1.385353e-01 -5.353259e-01 -9.857588e-01 1.656368e-01 -2.904425e-02 1.117678e+01
-6.563789e-02 -1.332260e-01 9.889097e-01 2.398425e+00 1.581932e-01 9.771243e-01 1.421381e-01 -4.057180e-01 -9.852238e-01 1.657685e-01 -4.306093e-02 1.118257e+01
-7.821099e-02 -1.334607e-01 9.879631e-01 3.122243e+00 1.560169e-01 9.771498e-01 1.443508e-01 -3.109957e-01 -9.846528e-01 1.654288e-01 -5.560173e-02 1.120979e+01
-8.956014e-02 -1.317074e-01 9.872345e-01 4.125009e+00 1.548482e-01 9.773237e-01 1.444326e-01 -1.789605e-01 -9.838701e-01 1.658070e-01 -6.713457e-02 1.116089e+01
-9.625496e-02 -1.282722e-01 9.870568e-01 5.395994e+00 1.548757e-01 9.776534e-01 1.421532e-01 1.754920e-02 -9.832335e-01 1.665541e-01 -7.423773e-02 1.091333e+01
-1.056830e-01 -1.261142e-01 9.863702e-01 6.360524e+00 1.548967e-01 9.777296e-01 1.416055e-01 1.418440e-01 -9.822615e-01 1.677509e-01 -8.379470e-02 1.089552e+01
-1.115436e-01 -1.251768e-01 9.858441e-01 7.529702e+00 1.541321e-01 9.778511e-01 1.416012e-01 3.077438e-01 -9.817336e-01 1.677450e-01 -8.977924e-02 1.075218e+01
-1.129417e-01 -1.249677e-01 9.857115e-01 8.602018e+00 1.540138e-01 9.778671e-01 1.416198e-01 4.736639e-01 -9.815922e-01 1.678080e-01 -9.119516e-02 1.054902e+01
-1.149626e-01 -1.234578e-01 9.856681e-01 9.868649e+00 1.557878e-01 9.777284e-01 1.406334e-01 6.539917e-01 -9.810776e-01 1.697227e-01 -9.316894e-02 1.030694e+01
-1.131786e-01 -1.234454e-01 9.858761e-01 1.053748e+01 1.557083e-01 9.777879e-01 1.403079e-01 7.401053e-01 -9.812976e-01 1.693890e-01 -9.144311e-02 1.021021e+01
-1.136417e-01 -1.229969e-01 9.858789e-01 1.164938e+01 1.559179e-01 9.778040e-01 1.399619e-01 9.110295e-01 -9.812108e-01 1.696217e-01 -9.194188e-02 1.000610e+01
-1.161090e-01 -1.247169e-01 9.853753e-01 1.195583e+01 1.566809e-01 9.773642e-01 1.421649e-01 9.369650e-01 -9.808003e-01 1.708961e-01 -9.394003e-02 1.000376e+01
-1.168323e-01 -1.284872e-01 9.848052e-01 1.255933e+01 1.577593e-01 9.766052e-01 1.461330e-01 1.007694e+00 -9.805415e-01 1.724353e-01 -9.382894e-02 9.897717e+00
-1.169737e-01 -1.313803e-01 9.844067e-01 1.323618e+01 1.585321e-01 9.760313e-01 1.491003e-01 1.098804e+00 -9.804000e-01 1.735009e-01 -9.334198e-02 9.787636e+00
-1.162650e-01 -1.311396e-01 9.845227e-01 1.427343e+01 1.607275e-01 9.756960e-01 1.489446e-01 1.262868e+00 -9.801269e-01 1.755570e-01 -9.236153e-02 9.532508e+00
-1.167483e-01 -1.322515e-01 9.843168e-01 1.451773e+01 1.616322e-01 9.753513e-01 1.502178e-01 1.278103e+00 -9.799206e-01 1.766350e-01 -9.249447e-02 9.495414e+00
-1.184030e-01 -1.320995e-01 9.841394e-01 1.472553e+01 1.624966e-01 9.751725e-01 1.504460e-01 1.280213e+00 -9.795791e-01 1.777326e-01 -9.399764e-02 9.529336e+00
-1.198991e-01 -1.327903e-01 9.838653e-01 1.483477e+01 1.612165e-01 9.752567e-01 1.512749e-01 1.283759e+00 -9.796086e-01 1.767531e-01 -9.552440e-02 9.593143e+00
-1.212685e-01 -1.328143e-01 9.836941e-01 1.494006e+01 1.596042e-01 9.755048e-01 1.513842e-01 1.263965e+00 -9.797040e-01 1.753599e-01 -9.710030e-02 9.658004e+00
-1.179189e-01 -1.350538e-01 9.837964e-01 1.524625e+01 1.543683e-01 9.761719e-01 1.525097e-01 1.263531e+00 -9.809511e-01 1.698508e-01 -9.426106e-02 9.642636e+00
-1.121913e-01 -1.388355e-01 9.839399e-01 1.584707e+01 1.455815e-01 9.772106e-01 1.544854e-01 1.329896e+00 -9.829642e-01 1.605754e-01 -8.942259e-02 9.491847e+00
-1.124283e-01 -1.400025e-01 9.837475e-01 1.595264e+01 1.461005e-01 9.769356e-01 1.557302e-01 1.291677e+00 -9.828601e-01 1.612345e-01 -8.938079e-02 9.560486e+00
-1.117603e-01 -1.418550e-01 9.835582e-01 1.627725e+01 1.461939e-01 9.766427e-01 1.574693e-01 1.305381e+00 -9.829224e-01 1.613891e-01 -8.841155e-02 9.576959e+00
-1.121907e-01 -1.424573e-01 9.834221e-01 1.636877e+01 1.488988e-01 9.760864e-01 1.583813e-01 1.308642e+00 -9.824672e-01 1.641994e-01 -8.829613e-02 9.647150e+00
-1.112642e-01 -1.440123e-01 9.833009e-01 1.661007e+01 1.504953e-01 9.755918e-01 1.599123e-01 1.271229e+00 -9.823293e-01 1.657747e-01 -8.687530e-02 9.757586e+00
-1.125411e-01 -1.466696e-01 9.827626e-01 1.683115e+01 1.501135e-01 9.751848e-01 1.627289e-01 1.268004e+00 -9.822423e-01 1.658397e-01 -8.773126e-02 9.886016e+00
-1.068535e-01 -1.511550e-01 9.827179e-01 1.731965e+01 1.511214e-01 9.744245e-01 1.663111e-01 1.334453e+00 -9.827228e-01 1.662807e-01 -8.127789e-02 9.816092e+00
-1.060691e-01 -1.532002e-01 9.824861e-01 1.788596e+01 1.495754e-01 9.743593e-01 1.680810e-01 1.367953e+00 -9.830443e-01 1.647840e-01 -8.043442e-02 9.830746e+00
-1.048430e-01 -1.530698e-01 9.826381e-01 1.807523e+01 1.544597e-01 9.735868e-01 1.681399e-01 1.365248e+00 -9.824203e-01 1.694064e-01 -7.843068e-02 9.778486e+00
-1.037509e-01 -1.548571e-01 9.824739e-01 1.828945e+01 1.584360e-01 9.726182e-01 1.700348e-01 1.374079e+00 -9.819030e-01 1.733006e-01 -7.637510e-02 9.712063e+00
-1.047144e-01 -1.565999e-01 9.820954e-01 1.834066e+01 1.595010e-01 9.720964e-01 1.720120e-01 1.363586e+00 -9.816282e-01 1.746573e-01 -7.681462e-02 9.744302e+00
-1.049447e-01 -1.594084e-01 9.816188e-01 1.855669e+01 1.631146e-01 9.709424e-01 1.751131e-01 1.354013e+00 -9.810095e-01 1.784937e-01 -7.589345e-02 9.788430e+00
-1.024521e-01 -1.604676e-01 9.817095e-01 1.940463e+01 1.670643e-01 9.701090e-01 1.760063e-01 1.510665e+00 -9.806083e-01 1.820409e-01 -7.258133e-02 9.673276e+00
-1.055154e-01 -1.624990e-01 9.810507e-01 1.954065e+01 1.709520e-01 9.689065e-01 1.788738e-01 1.444092e+00 -9.796129e-01 1.865866e-01 -7.445502e-02 9.975183e+00
-1.065910e-01 -1.626498e-01 9.809094e-01 1.979307e+01 1.751300e-01 9.680357e-01 1.795456e-01 1.473739e+00 -9.787580e-01 1.909246e-01 -7.469907e-02 1.002292e+01
-1.067457e-01 -1.627581e-01 9.808747e-01 2.148816e+01 1.755756e-01 9.679233e-01 1.797163e-01 1.755258e+00 -9.786613e-01 1.914017e-01 -7.474532e-02 9.887076e+00
-1.077160e-01 -1.627535e-01 9.807693e-01 2.313061e+01 1.758814e-01 9.678294e-01 1.799229e-01 2.003616e+00 -9.785001e-01 1.918797e-01 -7.562537e-02 9.806026e+00
-1.072610e-01 -1.622118e-01 9.809089e-01 2.490858e+01 1.749042e-01 9.681359e-01 1.792250e-01 2.329993e+00 -9.787252e-01 1.907890e-01 -7.547171e-02 9.594117e+00
-1.054244e-01 -1.636138e-01 9.808752e-01 2.680376e+01 1.755038e-01 9.678277e-01 1.803005e-01 2.661721e+00 -9.788175e-01 1.911554e-01 -7.331781e-02 9.229444e+00
-1.041771e-01 -1.652461e-01 9.807348e-01 2.830634e+01 1.755706e-01 9.675584e-01 1.816757e-01 2.909181e+00 -9.789390e-01 1.911146e-01 -7.178506e-02 8.993079e+00
-1.035999e-01 -1.674931e-01 9.804148e-01 2.983485e+01 1.727751e-01 9.677025e-01 1.835783e-01 3.143332e+00 -9.794974e-01 1.884099e-01 -7.131524e-02 8.825207e+00
-1.000918e-01 -1.693475e-01 9.804606e-01 3.139124e+01 1.744655e-01 9.671552e-01 1.848598e-01 3.335403e+00 -9.795626e-01 1.895595e-01 -6.725896e-02 8.328260e+00
-9.002612e-02 -1.746978e-01 9.804978e-01 3.158487e+01 1.664958e-01 9.680012e-01 1.877583e-01 3.369670e+00 -9.819236e-01 1.801519e-01 -5.805894e-02 8.416648e+00
-9.340859e-02 -1.736613e-01 9.803655e-01 3.345584e+01 1.660307e-01 9.681661e-01 1.873195e-01 3.739103e+00 -9.816864e-01 1.802680e-01 -6.160192e-02 8.271010e+00
-9.671038e-02 -1.764952e-01 9.795389e-01 3.503886e+01 1.642846e-01 9.678228e-01 1.906040e-01 3.983877e+00 -9.816604e-01 1.793565e-01 -6.460306e-02 8.082541e+00
-1.041657e-01 -1.809522e-01 9.779599e-01 3.642436e+01 1.602208e-01 9.674129e-01 1.960662e-01 4.105261e+00 -9.815693e-01 1.771129e-01 -7.177898e-02 8.162321e+00
-1.083031e-01 -1.810522e-01 9.774919e-01 3.815859e+01 1.581084e-01 9.676232e-01 1.967421e-01 4.452557e+00 -9.814640e-01 1.758575e-01 -7.617069e-02 8.016186e+00
-1.128091e-01 -1.792673e-01 9.773113e-01 3.993996e+01 1.567327e-01 9.680657e-01 1.956627e-01 4.841631e+00 -9.811770e-01 1.752492e-01 -8.110959e-02 7.869492e+00
-1.174500e-01 -1.778864e-01 9.770168e-01 4.165939e+01 1.538116e-01 9.686956e-01 1.948614e-01 5.193977e+00 -9.810948e-01 1.731630e-01 -8.641228e-02 7.738912e+00
-1.180917e-01 -1.788719e-01 9.767594e-01 4.358718e+01 1.525047e-01 9.687060e-01 1.958350e-01 5.575921e+00 -9.812217e-01 1.720869e-01 -8.711735e-02 7.362301e+00
-1.260207e-01 -1.802822e-01 9.755085e-01 4.547964e+01 1.490244e-01 9.687492e-01 1.982846e-01 5.896606e+00 -9.807701e-01 1.703625e-01 -9.521601e-02 7.310270e+00
-1.241854e-01 -1.817710e-01 9.754676e-01 4.726925e+01 1.464644e-01 9.689512e-01 1.992028e-01 6.297596e+00 -9.813896e-01 1.676094e-01 -9.370656e-02 6.831502e+00
-1.139677e-01 -1.833787e-01 9.764136e-01 4.896272e+01 1.469681e-01 9.688919e-01 1.991202e-01 6.700067e+00 -9.825535e-01 1.661949e-01 -8.347157e-02 6.175180e+00
-1.132681e-01 -1.838049e-01 9.764149e-01 4.983485e+01 1.439206e-01 9.693395e-01 1.991683e-01 6.922266e+00 -9.830853e-01 1.630856e-01 -8.334192e-02 5.900388e+00
-1.096808e-01 -1.823813e-01 9.770911e-01 5.148712e+01 1.400155e-01 9.703851e-01 1.968465e-01 7.377605e+00 -9.840556e-01 1.583982e-01 -8.089636e-02 5.169299e+00
-1.323220e-01 -1.857026e-01 9.736556e-01 5.213910e+01 1.391069e-01 9.690927e-01 2.037372e-01 7.421644e+00 -9.813969e-01 1.624011e-01 -1.023997e-01 5.247322e+00
-1.363313e-01 -1.867194e-01 9.729077e-01 5.235419e+01 1.347678e-01 9.694519e-01 2.049408e-01 7.422497e+00 -9.814535e-01 1.590565e-01 -1.070029e-01 5.327404e+00
-1.414404e-01 -1.870085e-01 9.721226e-01 5.454484e+01 1.323714e-01 9.696036e-01 2.057833e-01 7.876166e+00 -9.810566e-01 1.577873e-01 -1.123866e-01 5.047557e+00
-1.464698e-01 -1.866821e-01 9.714403e-01 5.628656e+01 1.314049e-01 9.696568e-01 2.061520e-01 8.193172e+00 -9.804484e-01 1.578471e-01 -1.174945e-01 4.894120e+00
-1.484234e-01 -1.868206e-01 9.711171e-01 5.864254e+01 1.299758e-01 9.697902e-01 2.064304e-01 8.695101e+00 -9.803451e-01 1.568608e-01 -1.196574e-01 4.377545e+00
-1.520852e-01 -1.878841e-01 9.703450e-01 6.091694e+01 1.303074e-01 9.693841e-01 2.081214e-01 9.160351e+00 -9.797397e-01 1.580953e-01 -1.229462e-01 4.026115e+00
-1.480527e-01 -1.931824e-01 9.699282e-01 6.253597e+01 1.331705e-01 9.679105e-01 2.131079e-01 9.391408e+00 -9.799723e-01 1.607170e-01 -1.175755e-01 3.768080e+00
-1.544355e-01 -1.937094e-01 9.688272e-01 6.434515e+01 1.343753e-01 9.673617e-01 2.148363e-01 9.688582e+00 -9.788221e-01 1.633648e-01 -1.233652e-01 3.830251e+00
-1.589784e-01 -1.928558e-01 9.682626e-01 6.634791e+01 1.316789e-01 9.678314e-01 2.143901e-01 1.015046e+01 -9.784611e-01 1.615831e-01 -1.284692e-01 3.697789e+00
-1.606097e-01 -1.934548e-01 9.678738e-01 6.849535e+01 1.279533e-01 9.682485e-01 2.147622e-01 1.061341e+01 -9.786890e-01 1.583355e-01 -1.307569e-01 3.301321e+00
-1.599449e-01 -1.955998e-01 9.675527e-01 7.014271e+01 1.253149e-01 9.682178e-01 2.164498e-01 1.093940e+01 -9.791391e-01 1.558688e-01 -1.303498e-01 2.740866e+00
-1.584082e-01 -1.972658e-01 9.674672e-01 7.133659e+01 1.188857e-01 9.688999e-01 2.170236e-01 1.114735e+01 -9.801902e-01 1.493963e-01 -1.300295e-01 2.108052e+00
-1.567008e-01 -2.024813e-01 9.666674e-01 7.229833e+01 1.147647e-01 9.683958e-01 2.214471e-01 1.123402e+01 -9.809554e-01 1.456402e-01 -1.285107e-01 1.785448e+00
-1.624936e-01 -2.019667e-01 9.658182e-01 7.403866e+01 1.143251e-01 9.683814e-01 2.217371e-01 1.162651e+01 -9.800639e-01 1.464481e-01 -1.342659e-01 1.684490e+00
-1.621832e-01 -2.026273e-01 9.657320e-01 7.567863e+01 1.121619e-01 9.685611e-01 2.220570e-01 1.201212e+01 -9.803652e-01 1.443322e-01 -1.343572e-01 1.206028e+00
-1.658524e-01 -2.041194e-01 9.647942e-01 7.574337e+01 1.073021e-01 9.688000e-01 2.234124e-01 1.201101e+01 -9.802953e-01 1.405779e-01 -1.387753e-01 1.171571e+00
-1.695897e-01 -2.055204e-01 9.638466e-01 7.585339e+01 1.038368e-01 9.688437e-01 2.248559e-01 1.202856e+01 -9.800290e-01 1.382159e-01 -1.429652e-01 1.260254e+00
-1.735112e-01 -2.066761e-01 9.629010e-01 7.613411e+01 1.009727e-01 9.688460e-01 2.261468e-01 1.208484e+01 -9.796418e-01 1.364657e-01 -1.472369e-01 1.263570e+00
-1.785496e-01 -2.069694e-01 9.619164e-01 7.629115e+01 9.831636e-02 9.689808e-01 2.267386e-01 1.213269e+01 -9.790064e-01 1.350562e-01 -1.526626e-01 1.289099e+00
-1.820294e-01 -2.059877e-01 9.614748e-01 7.643516e+01 9.938645e-02 9.689496e-01 2.264051e-01 1.215970e+01 -9.782572e-01 1.367700e-01 -1.559049e-01 1.284023e+00
-1.858102e-01 -2.057815e-01 9.607955e-01 7.662940e+01 9.665036e-02 9.692544e-01 2.262845e-01 1.218948e+01 -9.778205e-01 1.349072e-01 -1.602084e-01 1.274823e+00
-1.892247e-01 -2.053692e-01 9.602171e-01 7.687962e+01 9.754284e-02 9.691160e-01 2.264946e-01 1.222306e+01 -9.770767e-01 1.365207e-01 -1.633483e-01 1.269213e+00
-1.770404e-01 -2.075112e-01 9.620785e-01 7.725814e+01 1.019129e-01 9.684004e-01 2.276285e-01 1.227838e+01 -9.789127e-01 1.383476e-01 -1.502979e-01 1.102035e+00
-1.671175e-01 -2.108976e-01 9.631165e-01 7.756576e+01 1.058333e-01 9.673730e-01 2.301934e-01 1.230868e+01 -9.802400e-01 1.403992e-01 -1.393449e-01 9.944637e-01
-1.715339e-01 -2.120222e-01 9.620925e-01 7.800219e+01 1.051018e-01 9.670559e-01 2.318547e-01 1.239137e+01 -9.795556e-01 1.408886e-01 -1.435990e-01 9.634947e-01
-1.648546e-01 -2.144819e-01 9.627148e-01 7.852345e+01 1.075216e-01 9.663449e-01 2.337024e-01 1.249231e+01 -9.804395e-01 1.420396e-01 -1.362449e-01 8.302228e-01
-1.667040e-01 -2.150825e-01 9.622622e-01 7.876345e+01 1.066015e-01 9.662669e-01 2.344452e-01 1.254818e+01 -9.802272e-01 1.416616e-01 -1.381524e-01 7.875884e-01
-1.698477e-01 -2.157708e-01 9.615582e-01 7.914396e+01 1.078731e-01 9.658016e-01 2.357773e-01 1.262443e+01 -9.795482e-01 1.437726e-01 -1.407632e-01 7.597252e-01
-1.715494e-01 -2.162647e-01 9.611450e-01 8.142647e+01 1.068473e-01 9.657694e-01 2.363756e-01 1.317677e+01 -9.793642e-01 1.432459e-01 -1.425698e-01 3.586857e-01
-1.745191e-01 -2.166437e-01 9.605249e-01 8.165917e+01 1.046283e-01 9.658926e-01 2.368643e-01 1.319150e+01 -9.790789e-01 1.418355e-01 -1.458996e-01 2.777510e-01
-1.770701e-01 -2.142473e-01 9.605955e-01 8.413332e+01 1.035479e-01 9.665464e-01 2.346617e-01 1.377985e+01 -9.787357e-01 1.410192e-01 -1.489616e-01 -1.518271e-01
-1.782776e-01 -2.138467e-01 9.604615e-01 8.413985e+01 9.960544e-02 9.671629e-01 2.338269e-01 1.378455e+01 -9.789256e-01 1.373534e-01 -1.511232e-01 -4.850363e-01
-1.797153e-01 -2.132876e-01 9.603179e-01 8.599017e+01 9.856287e-02 9.673958e-01 2.333046e-01 1.420149e+01 -9.787683e-01 1.365802e-01 -1.528336e-01 -6.474679e-01
-1.809216e-01 -2.133764e-01 9.600716e-01 8.810164e+01 9.540424e-02 9.677700e-01 2.330657e-01 1.467571e+01 -9.788590e-01 1.337616e-01 -1.547335e-01 -1.013829e+00
-1.827109e-01 -2.133073e-01 9.597481e-01 9.055945e+01 9.431294e-02 9.678763e-01 2.330683e-01 1.529337e+01 -9.786324e-01 1.331009e-01 -1.567239e-01 -1.631400e+00
-1.712341e-01 -2.197060e-01 9.604207e-01 9.051831e+01 9.332813e-02 9.668179e-01 2.378089e-01 1.523671e+01 -9.807999e-01 1.303553e-01 -1.450475e-01 -1.720844e+00
-1.745639e-01 -2.216869e-01 9.593654e-01 9.069320e+01 9.045405e-02 9.665952e-01 2.398161e-01 1.524409e+01 -9.804821e-01 1.286418e-01 -1.486801e-01 -1.646077e+00
-1.780943e-01 -2.231642e-01 9.583735e-01 9.094153e+01 8.787396e-02 9.664456e-01 2.413733e-01 1.527738e+01 -9.800817e-01 1.272033e-01 -1.525081e-01 -1.387788e+00
-1.828498e-01 -2.219174e-01 9.577672e-01 9.209567e+01 7.393029e-02 9.683295e-01 2.384788e-01 1.560831e+01 -9.803571e-01 1.144139e-01 -1.606524e-01 -1.522519e+00
-1.882816e-01 -2.222082e-01 9.566467e-01 9.379406e+01 7.054589e-02 9.684920e-01 2.388438e-01 1.598885e+01 -9.795780e-01 1.124575e-01 -1.666733e-01 -1.700771e+00
-1.909867e-01 -2.216279e-01 9.562450e-01 9.635851e+01 6.913857e-02 9.687206e-01 2.383279e-01 1.659592e+01 -9.791545e-01 1.116310e-01 -1.696897e-01 -2.206652e+00
-1.943306e-01 -2.228800e-01 9.552798e-01 9.627263e+01 6.495102e-02 9.687847e-01 2.392436e-01 1.652822e+01 -9.787832e-01 1.085388e-01 -1.737883e-01 -2.282441e+00
-1.985018e-01 -2.234885e-01 9.542795e-01 9.866022e+01 6.433819e-02 9.685835e-01 2.402214e-01 1.709262e+01 -9.779864e-01 1.090811e-01 -1.778867e-01 -2.571880e+00
-2.016097e-01 -2.247143e-01 9.533396e-01 9.894726e+01 6.535469e-02 9.680707e-01 2.420075e-01 1.713853e+01 -9.772830e-01 1.110964e-01 -1.804864e-01 -2.564954e+00
-2.039566e-01 -2.253319e-01 9.526944e-01 9.892878e+01 6.486405e-02 9.679015e-01 2.428149e-01 1.711630e+01 -9.768286e-01 1.113194e-01 -1.827940e-01 -2.555552e+00
-2.095395e-01 -2.257701e-01 9.513781e-01 9.923627e+01 6.919254e-02 9.671156e-01 2.447440e-01 1.715920e+01 -9.753488e-01 1.171119e-01 -1.870274e-01 -2.663277e+00
-2.127458e-01 -2.256887e-01 9.506856e-01 9.922294e+01 7.202387e-02 9.666904e-01 2.456056e-01 1.717711e+01 -9.744493e-01 1.207237e-01 -1.894044e-01 -2.659583e+00
-2.160719e-01 -2.252688e-01 9.500348e-01 9.933060e+01 7.189547e-02 9.667081e-01 2.455737e-01 1.722373e+01 -9.737267e-01 1.213648e-01 -1.926826e-01 -2.698911e+00
-2.067123e-01 -2.456527e-01 9.470608e-01 1.004815e+02 4.548967e-02 9.645076e-01 2.601068e-01 1.786840e+01 -9.773435e-01 9.684882e-02 -1.882010e-01 -3.969028e+00
-2.077924e-01 -2.488380e-01 9.459923e-01 1.017189e+02 4.721387e-02 9.634229e-01 2.637936e-01 1.803368e+01 -9.770326e-01 9.947831e-02 -1.884434e-01 -4.683198e+00
-2.088854e-01 -2.512066e-01 9.451252e-01 1.026966e+02 5.388308e-02 9.620206e-01 2.676060e-01 1.824915e+01 -9.764543e-01 1.068253e-01 -1.874163e-01 -5.652774e+00
-2.125205e-01 -2.551970e-01 9.432439e-01 1.039111e+02 5.039760e-02 9.611474e-01 2.713958e-01 1.838144e+01 -9.758558e-01 1.052145e-01 -1.914023e-01 -6.070403e+00
-2.145223e-01 -2.566797e-01 9.423880e-01 1.041005e+02 4.998527e-02 9.607015e-01 2.730461e-01 1.841343e+01 -9.754390e-01 1.056800e-01 -1.932618e-01 -5.919045e+00
-2.170972e-01 -2.580008e-01 9.414371e-01 1.042687e+02 4.879959e-02 9.603649e-01 2.744411e-01 1.843817e+01 -9.749292e-01 1.055222e-01 -1.959023e-01 -5.855440e+00
-2.153862e-01 -2.581431e-01 9.417910e-01 1.043293e+02 5.039447e-02 9.602041e-01 2.747151e-01 1.843245e+01 -9.752275e-01 1.066310e-01 -1.938058e-01 -5.849372e+00
-2.032743e-01 -2.599883e-01 9.439730e-01 1.044576e+02 5.419673e-02 9.596362e-01 2.759728e-01 1.846169e+01 -9.776204e-01 1.072585e-01 -1.809790e-01 -6.023568e+00
-2.052204e-01 -2.615215e-01 9.431281e-01 1.045820e+02 5.153983e-02 9.594138e-01 2.772521e-01 1.847645e+01 -9.773574e-01 1.055065e-01 -1.834126e-01 -5.928232e+00
-2.086042e-01 -2.620911e-01 9.422271e-01 1.046911e+02 4.862715e-02 9.594514e-01 2.776479e-01 1.849384e+01 -9.767902e-01 1.037364e-01 -1.874009e-01 -5.897130e+00
-1.971937e-01 -2.656578e-01 9.436843e-01 1.050547e+02 5.139817e-02 9.584601e-01 2.805575e-01 1.857115e+01 -9.790160e-01 1.038279e-01 -1.753480e-01 -6.085618e+00
-2.005963e-01 -2.672620e-01 9.425135e-01 1.051270e+02 4.788394e-02 9.582441e-01 2.819137e-01 1.857955e+01 -9.785028e-01 1.016822e-01 -1.794228e-01 -5.959794e+00
-1.975881e-01 -2.703675e-01 9.422631e-01 1.051184e+02 4.753823e-02 9.574400e-01 2.846907e-01 1.852871e+01 -9.791315e-01 1.010451e-01 -1.763260e-01 -5.842307e+00
-2.011677e-01 -2.703069e-01 9.415227e-01 1.050807e+02 4.453247e-02 9.576550e-01 2.844532e-01 1.849095e+01 -9.785438e-01 9.915119e-02 -1.806119e-01 -5.657919e+00
-2.047604e-01 -2.717053e-01 9.403450e-01 1.051296e+02 4.146395e-02 9.574304e-01 2.856706e-01 1.847767e+01 -9.779333e-01 9.748449e-02 -1.847779e-01 -5.584560e+00
-1.953754e-01 -2.724343e-01 9.421291e-01 1.050937e+02 4.925479e-02 9.567044e-01 2.868631e-01 1.846288e+01 -9.794907e-01 1.024504e-01 -1.734979e-01 -5.753870e+00
-1.989303e-01 -2.726645e-01 9.413183e-01 1.052156e+02 4.590280e-02 9.568692e-01 2.868696e-01 1.849601e+01 -9.789378e-01 1.002762e-01 -1.778343e-01 -5.730164e+00
-2.027009e-01 -2.735950e-01 9.402432e-01 1.053640e+02 4.422440e-02 9.566388e-01 2.878997e-01 1.852696e+01 -9.782413e-01 9.993929e-02 -1.818121e-01 -5.699419e+00
-2.060249e-01 -2.734721e-01 9.395564e-01 1.055889e+02 4.391897e-02 9.566033e-01 2.880642e-01 1.857430e+01 -9.775605e-01 1.006128e-01 -1.850736e-01 -5.679599e+00
-2.192840e-01 -2.760558e-01 9.357922e-01 1.057653e+02 3.680158e-02 9.561141e-01 2.906743e-01 1.858065e+01 -9.749665e-01 9.817889e-02 -1.995013e-01 -5.535708e+00
-2.230815e-01 -2.761091e-01 9.348785e-01 1.057241e+02 3.509023e-02 9.561509e-01 2.907648e-01 1.854711e+01 -9.741678e-01 9.766939e-02 -2.036109e-01 -5.509521e+00
-2.253977e-01 -2.764888e-01 9.342104e-01 1.058329e+02 3.436901e-02 9.560327e-01 2.912393e-01 1.858160e+01 -9.736602e-01 9.775262e-02 -2.059850e-01 -5.529047e+00
-2.196354e-01 -2.813327e-01 9.341367e-01 1.059092e+02 3.130062e-02 9.549928e-01 2.949731e-01 1.853585e+01 -9.750795e-01 9.402563e-02 -2.009444e-01 -5.598729e+00
-2.252711e-01 -2.816203e-01 9.327070e-01 1.058003e+02 2.907295e-02 9.549447e-01 2.953563e-01 1.847898e+01 -9.738621e-01 9.365181e-02 -2.069340e-01 -5.502214e+00
-2.202156e-01 -2.823045e-01 9.337069e-01 1.058116e+02 2.920515e-02 9.548683e-01 2.955904e-01 1.849986e+01 -9.750137e-01 9.236269e-02 -2.020322e-01 -5.611813e+00
-2.198956e-01 -2.823061e-01 9.337818e-01 1.055759e+02 2.796672e-02 9.549938e-01 2.953046e-01 1.841310e+01 -9.751222e-01 9.105103e-02 -2.021038e-01 -5.585394e+00
-2.238656e-01 -2.826936e-01 9.327207e-01 1.059230e+02 2.346367e-02 9.551694e-01 2.951289e-01 1.853142e+01 -9.743373e-01 8.795427e-02 -2.071966e-01 -5.625652e+00
-2.277038e-01 -2.829455e-01 9.317146e-01 1.060270e+02 2.093922e-02 9.552070e-01 2.951969e-01 1.854589e+01 -9.735051e-01 8.672684e-02 -2.115796e-01 -5.632724e+00
-2.338193e-01 -2.819824e-01 9.304911e-01 1.063779e+02 1.746016e-02 9.556481e-01 2.939934e-01 1.865713e+01 -9.721231e-01 8.498786e-02 -2.185255e-01 -5.703218e+00
-2.374357e-01 -2.821431e-01 9.295262e-01 1.066192e+02 1.306677e-02 9.558764e-01 2.934788e-01 1.871954e+01 -9.713152e-01 8.182825e-02 -2.232725e-01 -5.742886e+00
-2.393148e-01 -2.882909e-01 9.271549e-01 1.067195e+02 2.207137e-03 9.547389e-01 2.974374e-01 1.871413e+01 -9.709393e-01 7.322754e-02 -2.278469e-01 -5.677575e+00
-2.449358e-01 -2.917551e-01 9.245999e-01 1.068827e+02 -4.574455e-03 9.539863e-01 2.998158e-01 1.874301e+01 -9.695283e-01 6.920612e-02 -2.350001e-01 -5.620987e+00
-2.472747e-01 -2.924455e-01 9.237588e-01 1.069500e+02 -4.919239e-03 9.537323e-01 3.006175e-01 1.873818e+01 -9.689327e-01 6.979094e-02 -2.372725e-01 -5.645014e+00
-2.537130e-01 -2.916276e-01 9.222704e-01 1.073907e+02 -5.953382e-03 9.539214e-01 2.999979e-01 1.888392e+01 -9.672610e-01 7.062274e-02 -2.437585e-01 -5.692671e+00
-2.579635e-01 -2.946191e-01 9.201380e-01 1.075717e+02 -9.897051e-03 9.531276e-01 3.024071e-01 1.890602e+01 -9.661038e-01 6.890337e-02 -2.487880e-01 -5.679922e+00
-2.602685e-01 -2.963748e-01 9.189243e-01 1.077923e+02 -1.248051e-02 9.526778e-01 3.037260e-01 1.897322e+01 -9.654555e-01 6.758169e-02 -2.516510e-01 -5.699622e+00
-2.580255e-01 -2.987711e-01 9.187808e-01 1.079548e+02 -1.471466e-02 9.520883e-01 3.054694e-01 1.900576e+01 -9.660259e-01 6.529939e-02 -2.500594e-01 -5.771251e+00
-2.589817e-01 -2.991536e-01 9.183873e-01 1.079769e+02 -1.789919e-02 9.521509e-01 3.051040e-01 1.900610e+01 -9.657162e-01 6.257799e-02 -2.519443e-01 -5.747408e+00
-2.539645e-01 -2.998374e-01 9.195647e-01 1.081103e+02 -2.308318e-02 9.523444e-01 3.041503e-01 1.902913e+01 -9.669378e-01 5.601696e-02 -2.487830e-01 -5.825042e+00
-2.564828e-01 -3.016311e-01 9.182782e-01 1.079284e+02 -2.991150e-02 9.520811e-01 3.043797e-01 1.894318e+01 -9.660857e-01 5.060113e-02 -2.532147e-01 -5.721476e+00
-2.542165e-01 -3.061734e-01 9.174047e-01 1.082216e+02 -3.737254e-02 9.509695e-01 3.070188e-01 1.900983e+01 -9.664248e-01 4.376356e-02 -2.531947e-01 -5.802999e+00
-2.451502e-01 -3.082092e-01 9.191887e-01 1.093398e+02 -3.891141e-02 9.504851e-01 3.083249e-01 1.944099e+01 -9.687037e-01 3.981901e-02 -2.450045e-01 -6.769295e+00
-2.393927e-01 -3.136034e-01 9.188817e-01 1.094279e+02 -4.419371e-02 9.489394e-01 3.123478e-01 1.943180e+01 -9.699163e-01 3.416506e-02 -2.410285e-01 -6.840021e+00
-2.311909e-01 -3.166220e-01 9.199460e-01 1.105206e+02 -4.970251e-02 9.481723e-01 3.138458e-01 1.983824e+01 -9.716377e-01 2.683472e-02 -2.349458e-01 -7.547533e+00
-2.231273e-01 -3.187923e-01 9.211869e-01 1.115393e+02 -5.418926e-02 9.476069e-01 3.148095e-01 2.022056e+01 -9.732817e-01 2.032419e-02 -2.287121e-01 -8.179092e+00
-2.144100e-01 -3.215874e-01 9.222849e-01 1.123090e+02 -5.070467e-02 9.466363e-01 3.182904e-01 2.042531e+01 -9.754265e-01 2.148055e-02 -2.192744e-01 -8.608006e+00
-2.076838e-01 -3.253012e-01 9.225216e-01 1.125822e+02 -6.287252e-02 9.455740e-01 3.192755e-01 2.049558e+01 -9.761731e-01 8.307135e-03 -2.168330e-01 -8.696576e+00
-1.980870e-01 -3.332206e-01 9.218053e-01 1.125937e+02 -7.495920e-02 9.428368e-01 3.247150e-01 2.042728e+01 -9.773138e-01 -4.775934e-03 -2.117417e-01 -8.769175e+00
-1.958721e-01 -3.375607e-01 9.206988e-01 1.130164e+02 -8.680616e-02 9.411686e-01 3.265980e-01 2.053741e+01 -9.767796e-01 -1.595085e-02 -2.136511e-01 -8.852243e+00
-1.768044e-01 -3.377750e-01 9.244716e-01 1.131117e+02 -9.062432e-02 9.408659e-01 3.264329e-01 2.055491e+01 -9.800648e-01 -2.606479e-02 -1.969599e-01 -9.010882e+00
-1.536878e-01 -3.466457e-01 9.253196e-01 1.132166e+02 -9.723350e-02 9.372059e-01 3.349487e-01 2.048252e+01 -9.833236e-01 -3.849450e-02 -1.777427e-01 -9.173686e+00
-1.465990e-01 -3.492823e-01 9.254783e-01 1.133826e+02 -1.024890e-01 9.359146e-01 3.369862e-01 2.054405e+01 -9.838721e-01 -4.544951e-02 -1.730018e-01 -9.167262e+00
-1.519389e-01 -3.490912e-01 9.246888e-01 1.135836e+02 -9.811224e-02 9.362572e-01 3.373371e-01 2.059932e+01 -9.835080e-01 -3.946863e-02 -1.765041e-01 -9.241892e+00
-1.577738e-01 -3.510023e-01 9.229866e-01 1.136798e+02 -9.952538e-02 9.355865e-01 3.387809e-01 2.061120e+01 -9.824467e-01 -3.840979e-02 -1.825448e-01 -9.223369e+00
-1.627621e-01 -3.573349e-01 9.196845e-01 1.138591e+02 -9.973281e-02 9.332986e-01 3.449740e-01 2.060348e+01 -9.816115e-01 -3.557401e-02 -1.875437e-01 -9.268222e+00
-1.651993e-01 -3.576997e-01 9.191080e-01 1.141007e+02 -1.028666e-01 9.330790e-01 3.446475e-01 2.070437e+01 -9.808807e-01 -3.760998e-02 -1.909394e-01 -9.223641e+00
-1.691242e-01 -3.564312e-01 9.188870e-01 1.150108e+02 -1.252237e-01 9.325328e-01 3.386762e-01 2.116659e+01 -9.776070e-01 -5.778799e-02 -2.023476e-01 -9.408571e+00
-1.712004e-01 -3.577675e-01 9.179827e-01 1.158122e+02 -1.361553e-01 9.313903e-01 3.376001e-01 2.136839e+01 -9.757825e-01 -6.719090e-02 -2.081664e-01 -9.683033e+00
-1.776613e-01 -3.589150e-01 9.163056e-01 1.166665e+02 -1.441034e-01 9.305698e-01 3.365619e-01 2.164332e+01 -9.734834e-01 -7.224869e-02 -2.170472e-01 -9.864903e+00
-1.814466e-01 -3.633401e-01 9.138165e-01 1.169386e+02 -1.513136e-01 9.284908e-01 3.391297e-01 2.169801e+01 -9.716895e-01 -7.673892e-02 -2.234498e-01 -9.902003e+00
-1.831311e-01 -3.645139e-01 9.130127e-01 1.171165e+02 -1.515006e-01 9.280889e-01 3.401448e-01 2.173254e+01 -9.713444e-01 -7.603081e-02 -2.251861e-01 -9.938169e+00
-1.832085e-01 -3.661388e-01 9.123468e-01 1.172224e+02 -1.569305e-01 9.270468e-01 3.405245e-01 2.174066e+01 -9.704673e-01 -8.078801e-02 -2.273012e-01 -9.987312e+00
-1.847684e-01 -3.660012e-01 9.120874e-01 1.173229e+02 -1.571091e-01 9.271316e-01 3.402111e-01 2.176464e+01 -9.701426e-01 -8.043690e-02 -2.288068e-01 -1.003872e+01
-1.952368e-01 -3.702297e-01 9.081918e-01 1.172812e+02 -1.664369e-01 9.250877e-01 3.413376e-01 2.173632e+01 -9.665302e-01 -8.451495e-02 -2.422311e-01 -9.880122e+00
-1.980413e-01 -3.716511e-01 9.070031e-01 1.173364e+02 -1.682502e-01 9.244862e-01 3.420777e-01 2.174852e+01 -9.656453e-01 -8.485789e-02 -2.456169e-01 -9.895100e+00
-2.031025e-01 -3.726214e-01 9.054846e-01 1.176696e+02 -1.702164e-01 9.241151e-01 3.421078e-01 2.186470e+01 -9.642484e-01 -8.464534e-02 -2.511165e-01 -9.976060e+00
-2.105700e-01 -3.709945e-01 9.044462e-01 1.178704e+02 -1.703111e-01 9.249638e-01 3.397590e-01 2.195467e+01 -9.626285e-01 -8.249421e-02 -2.579542e-01 -9.979733e+00
-2.135437e-01 -3.716680e-01 9.034719e-01 1.180226e+02 -1.723135e-01 9.246345e-01 3.396456e-01 2.202303e+01 -9.616165e-01 -8.315129e-02 -2.614933e-01 -9.996476e+00
-2.098250e-01 -3.712367e-01 9.045199e-01 1.179520e+02 -1.701595e-01 9.248617e-01 3.401126e-01 2.199452e+01 -9.628179e-01 -8.254847e-02 -2.572287e-01 -1.008795e+01
-2.111800e-01 -3.709438e-01 9.043247e-01 1.180803e+02 -1.750341e-01 9.245874e-01 3.383806e-01 2.206490e+01 -9.616471e-01 -8.682843e-02 -2.601822e-01 -1.012931e+01
-2.086885e-01 -3.696260e-01 9.054419e-01 1.179835e+02 -1.835279e-01 9.241804e-01 3.349751e-01 2.200952e+01 -9.606070e-01 -9.626837e-02 -2.607026e-01 -1.009605e+01
-2.113396e-01 -3.622077e-01 9.078219e-01 1.179752e+02 -1.923713e-01 9.260488e-01 3.246957e-01 2.199916e+01 -9.582943e-01 -1.060179e-01 -2.653892e-01 -1.000322e+01
-2.170681e-01 -3.558248e-01 9.089937e-01 1.180738e+02 -1.860450e-01 9.292086e-01 3.193098e-01 2.200339e+01 -9.582629e-01 -9.980180e-02 -2.679011e-01 -1.009528e+01
-2.218124e-01 -3.582900e-01 9.068776e-01 1.181710e+02 -1.790755e-01 9.291957e-01 3.233072e-01 2.198764e+01 -9.585043e-01 -9.068602e-02 -2.702681e-01 -1.012423e+01
-2.226895e-01 -3.682970e-01 9.026440e-01 1.181878e+02 -1.798755e-01 9.255198e-01 3.332537e-01 2.197108e+01 -9.581510e-01 -8.815143e-02 -2.723512e-01 -1.015709e+01
-2.241343e-01 -3.772160e-01 8.985941e-01 1.182933e+02 -1.858530e-01 9.216756e-01 3.405479e-01 2.201437e+01 -9.566722e-01 -9.067795e-02 -2.766859e-01 -1.021229e+01
-2.214550e-01 -3.813431e-01 8.975158e-01 1.182484e+02 -1.921580e-01 9.193878e-01 3.432223e-01 2.200919e+01 -9.560503e-01 -9.645651e-02 -2.768812e-01 -1.027621e+01
-2.241725e-01 -3.815705e-01 8.967441e-01 1.183131e+02 -1.943312e-01 9.191857e-01 3.425392e-01 2.205035e+01 -9.549771e-01 -9.747741e-02 -2.802073e-01 -1.031896e+01
-2.280216e-01 -3.780670e-01 8.972574e-01 1.183677e+02 -1.880437e-01 9.212847e-01 3.404027e-01 2.206396e+01 -9.553245e-01 -9.110437e-02 -2.811660e-01 -1.041799e+01
-2.309227e-01 -3.724766e-01 8.988522e-01 1.185013e+02 -1.836105e-01 9.239056e-01 3.356869e-01 2.212205e+01 -9.554900e-01 -8.752094e-02 -2.817414e-01 -1.057913e+01
-2.349363e-01 -3.697535e-01 8.989364e-01 1.184799e+02 -1.840252e-01 9.250161e-01 3.323852e-01 2.210161e+01 -9.544311e-01 -8.733760e-02 -2.853639e-01 -1.058562e+01
-2.365794e-01 -3.696110e-01 8.985640e-01 1.185222e+02 -1.863651e-01 9.249085e-01 3.313794e-01 2.211342e+01 -9.535708e-01 -8.906341e-02 -2.876970e-01 -1.070903e+01
-2.406775e-01 -3.706526e-01 8.970454e-01 1.186081e+02 -1.861990e-01 9.246789e-01 3.321127e-01 2.213015e+01 -9.525772e-01 -8.709686e-02 -2.915646e-01 -1.080033e+01
-2.431460e-01 -3.719718e-01 8.958329e-01 1.186409e+02 -1.873356e-01 9.241694e-01 3.328908e-01 2.213013e+01 -9.517271e-01 -8.688023e-02 -2.943917e-01 -1.086327e+01
-2.458417e-01 -3.716141e-01 8.952454e-01 1.187001e+02 -1.865220e-01 9.244665e-01 3.325227e-01 2.213792e+01 -9.511942e-01 -8.523496e-02 -2.965867e-01 -1.097626e+01
-2.481434e-01 -3.714505e-01 8.946781e-01 1.187132e+02 -1.863596e-01 9.246179e-01 3.321926e-01 2.212676e+01 -9.506282e-01 -8.430038e-02 -2.986613e-01 -1.104332e+01
-2.520767e-01 -3.713557e-01 8.936173e-01 1.187509e+02 -1.858981e-01 9.248218e-01 3.318834e-01 2.211743e+01 -9.496832e-01 -8.246164e-02 -3.021604e-01 -1.110614e+01
-2.538844e-01 -3.723565e-01 8.926886e-01 1.188347e+02 -1.854038e-01 9.245498e-01 3.329162e-01 2.214550e+01 -9.492983e-01 -8.098557e-02 -3.037651e-01 -1.121510e+01
-2.581890e-01 -3.734854e-01 8.909807e-01 1.189469e+02 -1.867433e-01 9.241509e-01 3.332747e-01 2.221185e+01 -9.478736e-01 -8.033679e-02 -3.083516e-01 -1.126847e+01
-2.596164e-01 -3.741686e-01 8.902790e-01 1.189932e+02 -1.844195e-01 9.241324e-01 3.346171e-01 2.223578e+01 -9.479387e-01 -7.731264e-02 -3.089240e-01 -1.141706e+01
-2.597902e-01 -3.723029e-01 8.910102e-01 1.189112e+02 -1.852203e-01 9.247705e-01 3.324046e-01 2.220570e+01 -9.477349e-01 -7.867762e-02 -3.092045e-01 -1.149139e+01
-2.578252e-01 -3.696027e-01 8.927035e-01 1.188479e+02 -1.876286e-01 9.255047e-01 3.289930e-01 2.217149e+01 -9.477978e-01 -8.267394e-02 -3.079665e-01 -1.162421e+01
-2.564698e-01 -3.691580e-01 8.932778e-01 1.188587e+02 -1.916438e-01 9.252635e-01 3.273530e-01 2.216011e+01 -9.473621e-01 -8.723490e-02 -3.080491e-01 -1.171587e+01
-2.597746e-01 -3.693767e-01 8.922319e-01 1.189176e+02 -1.905501e-01 9.253927e-01 3.276257e-01 2.214792e+01 -9.466820e-01 -8.490598e-02 -3.107785e-01 -1.188140e+01
-2.599248e-01 -3.700206e-01 8.919213e-01 1.188324e+02 -1.937370e-01 9.248707e-01 3.272305e-01 2.207538e+01 -9.459937e-01 -8.774278e-02 -3.120837e-01 -1.190993e+01
-2.596554e-01 -3.689990e-01 8.924229e-01 1.189027e+02 -1.966740e-01 9.249573e-01 3.252276e-01 2.208627e+01 -9.454615e-01 -9.106922e-02 -3.127428e-01 -1.206434e+01
-2.600433e-01 -3.691568e-01 8.922447e-01 1.189695e+02 -1.969928e-01 9.248827e-01 3.252468e-01 2.206850e+01 -9.452885e-01 -9.118748e-02 -3.132310e-01 -1.219392e+01
-2.669795e-01 -3.713232e-01 8.892924e-01 1.188158e+02 -1.981431e-01 9.242226e-01 3.264223e-01 2.195913e+01 -9.431121e-01 -8.905900e-02 -3.203237e-01 -1.217692e+01
-2.659284e-01 -3.738688e-01 8.885404e-01 1.187696e+02 -1.927642e-01 9.237369e-01 3.309863e-01 2.190246e+01 -9.445227e-01 -8.326006e-02 -3.177165e-01 -1.227799e+01
-2.662636e-01 -3.773423e-01 8.869703e-01 1.189747e+02 -1.888412e-01 9.227779e-01 3.358865e-01 2.198360e+01 -9.452205e-01 -7.806206e-02 -3.169601e-01 -1.237600e+01
-2.655259e-01 -3.801840e-01 8.859773e-01 1.190515e+02 -1.865227e-01 9.218601e-01 3.396809e-01 2.205298e+01 -9.458882e-01 -7.506075e-02 -3.156908e-01 -1.231973e+01
-2.630379e-01 -3.796929e-01 8.869296e-01 1.193339e+02 -1.896967e-01 9.217114e-01 3.383239e-01 2.218524e+01 -9.459521e-01 -7.925550e-02 -3.144716e-01 -1.232708e+01
-2.585261e-01 -3.760752e-01 8.897928e-01 1.193583e+02 -1.942660e-01 9.225290e-01 3.334677e-01 2.221527e+01 -9.462685e-01 -8.664632e-02 -3.115566e-01 -1.235339e+01
