1.000000e+00 0.000000e+00 0.000000e+00 0.000000e+00 0.000000e+00 1.000000e+00 0.000000e+00 0.000000e+00 0.000000e+00 0.000000e+00 1.000000e+00 0.000000e+00
9.999991e-01 9.401559e-04 9.452234e-04 6.177431e-02 -9.405139e-04 9.999995e-01 3.783632e-04 -4.562424e-02 -9.448671e-04 -3.792519e-04 9.999995e-01 1.072034e+00
9.999956e-01 9.443180e-04 2.790497e-03 6.482143e-03 -9.481574e-04 9.999986e-01 1.374890e-03 -1.118745e-01 -2.789195e-03 -1.377530e-03 9.999952e-01 2.420535e+00
9.999941e-01 -6.734314e-04 3.351903e-03 3.475484e-02 6.651452e-04 9.999968e-01 2.472583e-03 -1.448071e-01 -3.353558e-03 -2.470339e-03 9.999914e-01 3.585406e+00
9.999987e-01 2.562018e-04 1.573235e-03 2.191427e-01 -2.617033e-04 9.999939e-01 3.497600e-03 -1.978927e-01 -1.572329e-03 -3.498007e-03 9.999927e-01 4.723279e+00
9.999986e-01 3.755032e-04 1.627924e-03 2.780357e-01 -3.825657e-04 9.999905e-01 4.340091e-03 -2.544554e-01 -1.626278e-03 -4.340707e-03 9.999893e-01 5.798556e+00
9.999937e-01 -3.388654e-04 3.511386e-03 1.953331e-01 3.265271e-04 9.999938e-01 3.513700e-03 -3.477962e-01 -3.512555e-03 -3.512531e-03 9.999878e-01 7.829874e+00
9.999939e-01 2.681887e-03 2.212958e-03 3.914311e-01 -2.689971e-03 9.999897e-01 3.657837e-03 -3.492167e-01 -2.203125e-03 -3.663767e-03 9.999910e-01 8.512968e+00
9.999958e-01 1.811926e-03 2.271631e-03 3.814708e-01 -1.826088e-03 9.999788e-01 6.247856e-03 -3.826985e-01 -2.260262e-03 -6.251977e-03 9.999781e-01 9.488420e+00
9.999977e-01 2.088158e-03 5.039272e-04 4.127618e-01 -2.091752e-03 9.999716e-01 7.239476e-03 -4.051877e-01 -4.887949e-04 -7.240513e-03 9.999738e-01 1.078347e+01
9.999998e-01 1.457997e-04 -5.828494e-04 2.994906e-01 -1.414854e-04 9.999726e-01 7.396566e-03 -4.418580e-01 5.839130e-04 -7.396481e-03 9.999726e-01 1.194066e+01
9.999856e-01 -2.391526e-04 -5.342662e-03 4.683290e-01 2.788551e-04 9.999723e-01 7.431848e-03 -4.376704e-01 5.340738e-03 -7.433231e-03 9.999583e-01 1.272178e+01
9.999663e-01 1.833766e-04 -8.204689e-03 5.187463e-01 -1.167444e-04 9.999670e-01 8.121058e-03 -5.184812e-01 8.205909e-03 -8.119826e-03 9.999335e-01 1.416622e+01
9.999374e-01 2.582625e-03 -1.088011e-02 6.415072e-01 -2.487310e-03 9.999585e-01 8.765010e-03 -5.659065e-01 1.090230e-02 -8.737400e-03 9.999025e-01 1.501623e+01
9.999172e-01 3.441516e-03 -1.239800e-02 7.243258e-01 -3.326930e-03 9.999516e-01 9.251189e-03 -5.502137e-01 1.242924e-02 -9.209177e-03 9.998805e-01 1.549808e+01
9.998954e-01 3.089448e-03 -1.412925e-02 8.024094e-01 -2.948129e-03 9.999455e-01 1.001186e-02 -5.589197e-01 1.415941e-02 -9.969159e-03 9.998502e-01 1.647882e+01
9.999016e-01 2.284665e-03 -1.384307e-02 6.611326e-01 -2.134887e-03 9.999390e-01 1.082492e-02 -6.285105e-01 1.386696e-02 -1.079431e-02 9.998457e-01 1.789302e+01
9.999067e-01 2.450434e-03 -1.343537e-02 4.755346e-01 -2.311221e-03 9.999435e-01 1.036757e-02 -6.841266e-01 1.346002e-02 -1.033555e-02 9.998561e-01 1.899484e+01
9.998859e-01 2.516213e-03 -1.489212e-02 4.916974e-01 -2.366191e-03 9.999462e-01 1.008312e-02 -6.985793e-01 1.491670e-02 -1.004673e-02 9.998384e-01 1.975176e+01
9.998699e-01 3.567810e-03 -1.572649e-02 4.804251e-01 -3.404578e-03 9.999400e-01 1.039410e-02 -6.792784e-01 1.576264e-02 -1.033920e-02 9.998224e-01 2.025385e+01
9.998218e-01 4.445710e-03 -1.834223e-02 6.315667e-01 -4.247614e-03 9.999322e-01 1.082489e-02 -7.015707e-01 1.838912e-02 -1.074505e-02 9.997733e-01 2.108880e+01
9.997782e-01 4.925109e-03 -2.047448e-02 8.247119e-01 -4.697718e-03 9.999267e-01 1.113941e-02 -7.307226e-01 2.052785e-02 -1.104076e-02 9.997285e-01 2.160493e+01
9.997774e-01 4.535219e-03 -2.060307e-02 6.947818e-01 -4.295286e-03 9.999225e-01 1.167491e-02 -7.196490e-01 2.065443e-02 -1.158382e-02 9.997197e-01 2.292816e+01
9.997941e-01 3.405933e-03 -2.000679e-02 4.483436e-01 -3.143284e-03 9.999086e-01 1.314481e-02 -7.225739e-01 2.004974e-02 -1.307922e-02 9.997136e-01 2.449208e+01
9.997558e-01 2.587695e-03 -2.194593e-02 4.547494e-01 -2.263667e-03 9.998882e-01 1.477687e-02 -7.545661e-01 2.198172e-02 -1.472358e-02 9.996501e-01 2.518601e+01
9.996958e-01 1.991440e-03 -2.458158e-02 5.507709e-01 -1.624612e-03 9.998871e-01 1.493387e-02 -8.211845e-01 2.460855e-02 -1.488940e-02 9.995865e-01 2.629238e+01
9.996848e-01 6.828086e-04 -2.509825e-02 4.465479e-01 -2.917865e-04 9.998785e-01 1.558004e-02 -9.340780e-01 2.510584e-02 -1.556781e-02 9.995638e-01 2.805645e+01
9.996629e-01 2.159533e-03 -2.587502e-02 4.456668e-01 -1.750721e-03 9.998734e-01 1.581177e-02 -9.531004e-01 2.590590e-02 -1.576114e-02 9.995403e-01 2.885741e+01
9.996581e-01 2.591037e-03 -2.601786e-02 3.285672e-01 -2.162141e-03 9.998615e-01 1.649931e-02 -9.676526e-01 2.605701e-02 -1.643742e-02 9.995255e-01 2.961407e+01
9.996523e-01 1.950594e-03 -2.629669e-02 1.998136e-01 -1.501773e-03 9.998531e-01 1.707659e-02 -9.748919e-01 2.632614e-02 -1.703117e-02 9.995085e-01 3.044683e+01
9.995812e-01 1.702942e-03 -2.888722e-02 3.333788e-01 -1.199250e-03 9.998471e-01 1.744490e-02 -1.034245e+00 2.891251e-02 -1.740296e-02 9.994307e-01 3.194088e+01
9.995471e-01 1.606795e-03 -3.005061e-02 4.403960e-01 -1.057471e-03 9.998322e-01 1.828695e-02 -1.077441e+00 3.007496e-02 -1.824690e-02 9.993814e-01 3.248590e+01
9.996089e-01 1.540471e-03 -2.792288e-02 1.990951e-01 -1.005110e-03 9.998155e-01 1.917675e-02 -1.111851e+00 2.794727e-02 -1.914119e-02 9.994264e-01 3.388421e+01
9.996182e-01 1.742191e-03 -2.757487e-02 1.848398e-01 -1.179915e-03 9.997912e-01 2.039407e-02 -1.081447e+00 2.760465e-02 -2.035375e-02 9.994119e-01 3.444980e+01
9.996256e-01 2.508907e-03 -2.724869e-02 9.960068e-02 -1.925260e-03 9.997685e-01 2.142444e-02 -1.110728e+00 2.729614e-02 -2.136396e-02 9.993993e-01 3.588976e+01
9.996315e-01 3.136973e-03 -2.696501e-02 3.212965e-02 -2.557587e-03 9.997656e-01 2.149430e-02 -1.140939e+00 2.702612e-02 -2.141742e-02 9.994055e-01 3.703310e+01
9.996918e-01 3.971074e-03 -2.450408e-02 -2.785979e-01 -3.440830e-03 9.997597e-01 2.164339e-02 -1.164762e+00 2.458414e-02 -2.155241e-02 9.994656e-01 3.845649e+01
9.996300e-01 7.173088e-03 -2.623562e-02 -6.093660e-02 -6.556041e-03 9.997016e-01 2.353035e-02 -1.176679e+00 2.639658e-02 -2.334965e-02 9.993790e-01 3.961063e+01
9.996703e-01 7.122954e-03 -2.466977e-02 -4.210341e-02 -6.447923e-03 9.996055e-01 2.733494e-02 -1.194559e+00 2.485475e-02 -2.716687e-02 9.993221e-01 4.075799e+01
9.996869e-01 8.407222e-03 -2.356623e-02 3.552440e-02 -7.691697e-03 9.995115e-01 3.029022e-02 -1.205594e+00 2.380938e-02 -3.009949e-02 9.992634e-01 4.166043e+01
9.997067e-01 9.121660e-03 -2.243407e-02 7.197724e-02 -8.354973e-03 9.993857e-01 3.403459e-02 -1.234241e+00 2.273075e-02 -3.383718e-02 9.991690e-01 4.302078e+01
9.997624e-01 9.976037e-03 -1.938329e-02 -5.783989e-02 -9.281987e-03 9.993239e-01 3.557251e-02 -1.238460e+00 1.972507e-02 -3.538415e-02 9.991792e-01 4.485645e+01
9.997729e-01 7.532638e-03 -1.993494e-02 1.088042e-01 -6.841662e-03 9.993809e-01 3.450563e-02 -1.236970e+00 2.018252e-02 -3.436142e-02 9.992058e-01 4.597393e+01
9.997497e-01 6.865868e-03 -2.129460e-02 3.809921e-01 -6.163898e-03 9.994410e-01 3.285694e-02 -1.189419e+00 2.150829e-02 -3.271748e-02 9.992334e-01 4.674376e+01
9.997496e-01 6.290555e-03 -2.147556e-02 5.322837e-01 -5.581820e-03 9.994429e-01 3.290386e-02 -1.187134e+00 2.167058e-02 -3.277576e-02 9.992280e-01 4.741242e+01
9.997603e-01 5.646257e-03 -2.115594e-02 4.947607e-01 -4.951735e-03 9.994516e-01 3.273847e-02 -1.181946e+00 2.132919e-02 -3.262588e-02 9.992403e-01 4.865445e+01
9.998071e-01 5.132023e-03 -1.896076e-02 2.698657e-01 -4.516497e-03 9.994658e-01 3.236456e-02 -1.212704e+00 1.911673e-02 -3.227270e-02 9.992965e-01 4.950293e+01
9.998215e-01 5.362695e-03 -1.811640e-02 2.963573e-03 -4.764024e-03 9.994462e-01 3.292887e-02 -1.200999e+00 1.828296e-02 -3.283670e-02 9.992937e-01 5.061934e+01
9.997905e-01 5.063944e-03 -1.983139e-02 9.405087e-02 -4.377159e-03 9.993942e-01 3.452279e-02 -1.192554e+00 1.999420e-02 -3.442876e-02 9.992073e-01 5.151565e+01
9.997779e-01 4.944969e-03 -2.049021e-02 6.671073e-02 -4.224102e-03 9.993756e-01 3.507616e-02 -1.192550e+00 2.065087e-02 -3.498181e-02 9.991748e-01 5.250172e+01
9.997848e-01 5.667144e-03 -1.995671e-02 -1.352815e-01 -4.957778e-03 9.993602e-01 3.541700e-02 -1.208225e+00 2.014465e-02 -3.531044e-02 9.991736e-01 5.396207e+01
9.997638e-01 5.456472e-03 -2.103826e-02 -1.339228e-01 -4.708788e-03 9.993611e-01 3.542640e-02 -1.192469e+00 2.121812e-02 -3.531897e-02 9.991511e-01 5.497060e+01
9.997072e-01 4.903347e-03 -2.369751e-02 1.393242e-01 -4.062883e-03 9.993654e-01 3.538525e-02 -1.209473e+00 2.385598e-02 -3.527860e-02 9.990930e-01 5.547734e+01
9.996934e-01 4.893204e-03 -2.427188e-02 1.465785e-01 -4.044811e-03 9.993832e-01 3.488045e-02 -1.222247e+00 2.442759e-02 -3.477158e-02 9.990969e-01 5.668326e+01
9.996952e-01 3.032477e-03 -2.449952e-02 1.679969e-01 -2.109408e-03 9.992900e-01 3.761537e-02 -1.291469e+00 2.459619e-02 -3.755222e-02 9.989921e-01 5.689795e+01
9.995979e-01 2.110588e-03 -2.827427e-02 5.465799e-01 -1.007596e-03 9.992399e-01 3.896799e-02 -1.192693e+00 2.833503e-02 -3.892384e-02 9.988406e-01 5.796497e+01
9.996169e-01 1.992096e-03 -2.760264e-02 5.032080e-01 -9.432574e-04 9.992788e-01 3.795877e-02 -1.203670e+00 2.765835e-02 -3.791820e-02 9.988982e-01 5.844605e+01
9.996686e-01 3.533048e-03 -2.549755e-02 3.282630e-01 -2.574840e-03 9.992926e-01 3.751580e-02 -1.222507e+00 2.561206e-02 -3.743771e-02 9.989709e-01 5.938161e+01
9.996282e-01 5.307246e-03 -2.674095e-02 4.913692e-01 -4.277951e-03 9.992531e-01 3.840252e-02 -1.222678e+00 2.692479e-02 -3.827385e-02 9.989047e-01 6.025730e+01
9.996163e-01 7.342495e-03 -2.670588e-02 5.280014e-01 -6.300760e-03 9.992238e-01 3.888476e-02 -1.212587e+00 2.697066e-02 -3.870157e-02 9.988870e-01 6.108510e+01
9.996511e-01 8.822808e-03 -2.489438e-02 3.167483e-01 -7.827647e-03 9.991772e-01 3.979338e-02 -1.231241e+00 2.522498e-02 -3.958463e-02 9.988980e-01 6.181115e+01
9.996610e-01 9.228204e-03 -2.434556e-02 3.432831e-01 -8.213568e-03 9.991067e-01 4.145217e-02 -1.241292e+00 2.470634e-02 -4.123815e-02 9.988441e-01 6.259385e+01
9.996620e-01 1.010978e-02 -2.394866e-02 5.660588e-01 -9.081599e-03 9.990484e-01 4.265909e-02 -1.246944e+00 2.435714e-02 -4.242718e-02 9.988028e-01 6.356518e+01
9.997544e-01 8.657328e-03 -2.039568e-02 4.619635e-01 -7.813893e-03 9.991255e-01 4.107636e-02 -1.264652e+00 2.073345e-02 -4.090691e-02 9.989480e-01 6.479467e+01
9.998236e-01 5.398013e-03 -1.798255e-02 3.661085e-01 -4.734295e-03 9.993133e-01 3.674917e-02 -1.275519e+00 1.816856e-02 -3.665755e-02 9.991630e-01 6.655843e+01
9.998966e-01 6.101975e-03 -1.301148e-02 1.282910e-01 -5.626712e-03 9.993267e-01 3.625524e-02 -1.229209e+00 1.322393e-02 -3.617828e-02 9.992581e-01 6.651712e+01
9.998949e-01 8.478357e-03 -1.175665e-02 2.336920e-01 -7.987460e-03 9.991194e-01 4.119090e-02 -1.386064e+00 1.209552e-02 -4.109267e-02 9.990824e-01 6.867944e+01
9.999213e-01 8.933381e-03 -8.799955e-03 4.639279e-01 -8.551826e-03 9.990607e-01 4.248145e-02 -1.355600e+00 9.171179e-03 -4.240285e-02 9.990588e-01 6.902331e+01
9.999557e-01 8.409423e-03 -4.229197e-03 3.833409e-01 -8.228522e-03 9.991207e-01 4.111205e-02 -1.327262e+00 4.571193e-03 -4.107542e-02 9.991459e-01 7.040211e+01
9.999737e-01 7.253138e-03 -1.147217e-04 3.189324e-01 -7.243230e-03 9.992211e-01 3.878989e-02 -1.326500e+00 3.959662e-04 -3.878803e-02 9.992477e-01 7.135957e+01
9.999823e-01 4.823105e-03 3.479415e-03 3.118116e-01 -4.944114e-03 9.993520e-01 3.565139e-02 -1.295797e+00 -3.305225e-03 -3.566795e-02 9.993585e-01 7.279356e+01
9.999605e-01 4.344936e-03 7.742141e-03 1.951740e-01 -4.612642e-03 9.993801e-01 3.490220e-02 -1.289560e+00 -7.585711e-03 -3.493653e-02 9.993610e-01 7.402965e+01
9.999050e-01 5.660718e-03 1.255629e-02 3.974672e-02 -6.125826e-03 9.992847e-01 3.731803e-02 -1.337103e+00 -1.233608e-02 -3.739140e-02 9.992248e-01 7.546282e+01
9.998351e-01 6.976986e-03 1.675892e-02 1.952109e-02 -7.605920e-03 9.992578e-01 3.776249e-02 -1.326061e+00 -1.648303e-02 -3.788372e-02 9.991465e-01 7.656764e+01
9.997660e-01 6.484264e-03 2.063053e-02 2.989309e-02 -7.223331e-03 9.993274e-01 3.595354e-02 -1.312198e+00 -2.038354e-02 -3.609414e-02 9.991409e-01 7.746645e+01
9.996583e-01 7.435577e-03 2.505237e-02 -9.812073e-02 -8.281576e-03 9.993931e-01 3.383649e-02 -1.312429e+00 -2.478559e-02 -3.403239e-02 9.991137e-01 7.877385e+01
9.996257e-01 6.764952e-03 2.650328e-02 1.659857e-01 -7.650126e-03 9.994115e-01 3.344090e-02 -1.269790e+00 -2.626148e-02 -3.363112e-02 9.990895e-01 7.927819e+01
9.995329e-01 6.682866e-03 2.981492e-02 1.583699e-01 -7.714800e-03 9.993704e-01 3.463166e-02 -1.232910e+00 -2.956474e-02 -3.484549e-02 9.989556e-01 8.018735e+01
9.993675e-01 7.971287e-03 3.465211e-02 -1.012366e-01 -9.216730e-03 9.993118e-01 3.593147e-02 -1.226506e+00 -3.434187e-02 -3.622811e-02 9.987536e-01 8.133039e+01
9.992695e-01 7.688008e-03 3.742938e-02 -9.642766e-02 -9.107550e-03 9.992399e-01 3.790433e-02 -1.253642e+00 -3.710955e-02 -3.821752e-02 9.985804e-01 8.279478e+01
9.991919e-01 5.852789e-03 3.976218e-02 -5.992766e-02 -7.430487e-03 9.991862e-01 3.964720e-02 -1.256272e+00 -3.949780e-02 -3.991060e-02 9.984226e-01 8.346209e+01
9.991288e-01 5.233116e-03 4.139880e-02 2.580501e-02 -6.796205e-03 9.992658e-01 3.770675e-02 -1.249015e+00 -4.117111e-02 -3.795525e-02 9.984312e-01 8.430383e+01
9.990262e-01 3.695518e-03 4.396163e-02 3.960639e-02 -5.211704e-03 9.993938e-01 3.442445e-02 -1.250175e+00 -4.380779e-02 -3.462002e-02 9.984402e-01 8.577483e+01
9.989821e-01 4.267720e-03 4.490272e-02 1.625327e-01 -5.706178e-03 9.994730e-01 3.195577e-02 -1.246893e+00 -4.474271e-02 -3.217945e-02 9.984804e-01 8.641176e+01
9.988670e-01 4.381181e-03 4.738516e-02 1.064697e-01 -5.883095e-03 9.994832e-01 3.160305e-02 -1.262624e+00 -4.722225e-02 -3.184598e-02 9.983768e-01 8.786133e+01
9.988983e-01 4.544265e-03 4.670432e-02 2.576584e-01 -6.058601e-03 9.994588e-01 3.233369e-02 -1.247851e+00 -4.653215e-02 -3.258100e-02 9.983856e-01 8.887495e+01
9.989856e-01 4.698282e-03 4.478129e-02 4.271805e-01 -6.252065e-03 9.993810e-01 3.462055e-02 -1.273178e+00 -4.459095e-02 -3.486538e-02 9.983971e-01 9.031879e+01
9.990698e-01 3.897764e-03 4.294487e-02 5.219733e-01 -5.456745e-03 9.993281e-01 3.624475e-02 -1.260252e+00 -4.277477e-02 -3.644535e-02 9.984201e-01 9.179173e+01
9.992501e-01 4.302123e-03 3.847706e-02 8.094320e-01 -5.734445e-03 9.992917e-01 3.719284e-02 -1.224581e+00 -3.828983e-02 -3.738557e-02 9.985675e-01 9.294097e+01
9.993860e-01 4.302570e-03 3.476966e-02 9.612195e-01 -5.630055e-03 9.992553e-01 3.817221e-02 -1.234341e+00 -3.457956e-02 -3.834449e-02 9.986665e-01 9.473594e+01
9.994857e-01 5.463005e-03 3.159291e-02 1.045954e+00 -6.652742e-03 9.992678e-01 3.767674e-02 -1.162006e+00 -3.136398e-02 -3.786752e-02 9.987908e-01 9.553642e+01
9.995876e-01 7.252791e-03 2.778045e-02 1.153205e+00 -8.282425e-03 9.992761e-01 3.712938e-02 -1.113094e+00 -2.749108e-02 -3.734412e-02 9.989246e-01 9.596610e+01
9.997112e-01 8.370338e-03 2.252415e-02 1.335332e+00 -9.223036e-03 9.992342e-01 3.802347e-02 -1.158585e+00 -2.218865e-02 -3.822019e-02 9.990232e-01 9.781061e+01
9.998672e-01 1.002746e-02 1.283545e-02 2.023343e+00 -1.052342e-02 9.991769e-01 3.917365e-02 -1.162828e+00 -1.243209e-02 -3.930349e-02 9.991502e-01 9.990660e+01
9.998930e-01 1.036077e-02 1.031051e-02 1.889509e+00 -1.076261e-02 9.991531e-01 3.971327e-02 -1.103355e+00 -9.890336e-03 -3.981996e-02 9.991581e-01 1.006763e+02
9.999124e-01 1.074654e-02 7.701669e-03 1.708992e+00 -1.104839e-02 9.991270e-01 4.028587e-02 -1.052660e+00 -7.262032e-03 -4.036740e-02 9.991587e-01 1.010082e+02
9.999265e-01 1.165853e-02 3.277243e-03 1.676713e+00 -1.178065e-02 9.991257e-01 4.011187e-02 -1.009409e+00 -2.806751e-03 -4.014749e-02 9.991901e-01 1.026925e+02
9.999238e-01 1.232996e-02 2.187695e-04 1.445943e+00 -1.232872e-02 9.991067e-01 4.041888e-02 -9.676650e-01 2.797719e-04 -4.041847e-02 9.991831e-01 1.034962e+02
9.999059e-01 1.270795e-02 -5.150360e-03 1.497568e+00 -1.248815e-02 9.990945e-01 4.067012e-02 -9.967566e-01 5.662516e-03 -4.060194e-02 9.991596e-01 1.052640e+02
9.998662e-01 1.358407e-02 -9.101879e-03 1.379475e+00 -1.320609e-02 9.990973e-01 4.037489e-02 -9.837565e-01 9.642106e-03 -4.024926e-02 9.991434e-01 1.063584e+02
9.998004e-01 1.564783e-02 -1.240805e-02 1.336842e+00 -1.513361e-02 9.990647e-01 4.050542e-02 -9.709687e-01 1.303026e-02 -4.030953e-02 9.991025e-01 1.079173e+02
9.997319e-01 1.790995e-02 -1.466504e-02 1.321313e+00 -1.730519e-02 9.990347e-01 4.037571e-02 -9.184527e-01 1.537400e-02 -4.011108e-02 9.990772e-01 1.091704e+02
9.997171e-01 1.912033e-02 -1.413602e-02 1.108032e+00 -1.853510e-02 9.990104e-01 4.043161e-02 -9.012926e-01 1.489508e-02 -4.015813e-02 9.990826e-01 1.102488e+02
9.996657e-01 2.132894e-02 -1.459513e-02 9.853740e-01 -2.071661e-02 9.989488e-01 4.089265e-02 -9.040939e-01 1.545197e-02 -4.057660e-02 9.990572e-01 1.118232e+02
9.996502e-01 2.266756e-02 -1.360802e-02 7.203569e-01 -2.207879e-02 9.988753e-01 4.196022e-02 -9.000406e-01 1.454384e-02 -4.164508e-02 9.990268e-01 1.135207e+02
9.996115e-01 2.334135e-02 -1.521967e-02 7.829930e-01 -2.267731e-02 9.988420e-01 4.243276e-02 -8.830866e-01 1.619247e-02 -4.207112e-02 9.989836e-01 1.153962e+02
9.995270e-01 2.689970e-02 -1.489472e-02 5.658075e-01 -2.621666e-02 9.986744e-01 4.429653e-02 -8.390551e-01 1.606653e-02 -4.388507e-02 9.989075e-01 1.167442e+02
9.994929e-01 2.799055e-02 -1.516573e-02 4.813405e-01 -2.724229e-02 9.985006e-01 4.748195e-02 -7.828715e-01 1.647202e-02 -4.704471e-02 9.987571e-01 1.177090e+02
9.995022e-01 2.746156e-02 -1.551764e-02 4.622994e-01 -2.670571e-02 9.985389e-01 4.697977e-02 -7.362841e-01 1.678509e-02 -4.654196e-02 9.987754e-01 1.194438e+02
9.995522e-01 2.684190e-02 -1.321244e-02 1.413367e-01 -2.622595e-02 9.986531e-01 4.477096e-02 -6.428380e-01 1.439637e-02 -4.440439e-02 9.989100e-01 1.217940e+02
9.996588e-01 2.243473e-02 -1.336884e-02 -2.240211e-02 -2.180414e-02 9.987228e-01 4.558097e-02 -5.920957e-01 1.437435e-02 -4.527390e-02 9.988713e-01 1.236042e+02
9.997083e-01 1.971687e-02 -1.393677e-02 -1.151621e-01 -1.902795e-02 9.986688e-01 4.794609e-02 -6.237804e-01 1.486356e-02 -4.766690e-02 9.987527e-01 1.258541e+02
9.997124e-01 1.621004e-02 -1.766222e-02 2.055088e-01 -1.527556e-02 9.985399e-01 5.181638e-02 -7.963774e-01 1.847636e-02 -5.153166e-02 9.985004e-01 1.273262e+02
9.997029e-01 1.486954e-02 -1.930160e-02 2.594593e-01 -1.382316e-02 9.984852e-01 5.325726e-02 -7.507377e-01 2.006427e-02 -5.297461e-02 9.983943e-01 1.285238e+02
9.997526e-01 1.239588e-02 -1.845626e-02 1.328473e-01 -1.142857e-02 9.986013e-01 5.162390e-02 -6.998160e-01 1.907036e-02 -5.140018e-02 9.984961e-01 1.301920e+02
9.997163e-01 1.178132e-02 -2.069019e-02 2.268985e-01 -1.070096e-02 9.986121e-01 5.157196e-02 -7.144436e-01 2.126906e-02 -5.133592e-02 9.984549e-01 1.316377e+02
9.996783e-01 1.359730e-02 -2.140324e-02 2.169807e-01 -1.246319e-02 9.985560e-01 5.225720e-02 -7.604480e-01 2.208288e-02 -5.197363e-02 9.984043e-01 1.333527e+02
9.996505e-01 1.820769e-02 -1.915909e-02 4.734825e-02 -1.715408e-02 9.984050e-01 5.378923e-02 -8.384089e-01 2.010790e-02 -5.344177e-02 9.983686e-01 1.338219e+02
9.996535e-01 1.994886e-02 -1.716740e-02 -2.086358e-01 -1.895990e-02 9.982531e-01 5.595953e-02 -8.140680e-01 1.825373e-02 -5.561464e-02 9.982855e-01 1.351672e+02
9.995176e-01 2.359556e-02 -2.018649e-02 2.167032e-01 -2.238445e-02 9.980510e-01 5.825245e-02 -8.541461e-01 2.152164e-02 -5.777248e-02 9.980978e-01 1.363675e+02
9.994755e-01 2.345272e-02 -2.232281e-02 4.764760e-01 -2.213786e-02 9.981042e-01 5.743002e-02 -9.133437e-01 2.362738e-02 -5.690572e-02 9.981000e-01 1.382713e+02
9.995497e-01 2.426512e-02 -1.764152e-02 -1.502432e-01 -2.325662e-02 9.981999e-01 5.528361e-02 -8.030573e-01 1.895121e-02 -5.484844e-02 9.983149e-01 1.387579e+02
9.995266e-01 2.575928e-02 -1.681826e-02 -2.817589e-01 -2.483675e-02 9.982893e-01 5.293155e-02 -7.484148e-01 1.815296e-02 -5.248877e-02 9.984566e-01 1.404198e+02
9.995618e-01 2.571394e-02 -1.465502e-02 -5.692841e-01 -2.496743e-02 9.984853e-01 4.902753e-02 -6.909013e-01 1.589350e-02 -4.864014e-02 9.986899e-01 1.414401e+02
9.995233e-01 2.709818e-02 -1.478744e-02 -5.944427e-01 -2.638323e-02 9.985664e-01 4.657179e-02 -7.114826e-01 1.602824e-02 -4.615944e-02 9.988055e-01 1.430188e+02
9.994413e-01 3.030433e-02 -1.408690e-02 -7.150274e-01 -2.961775e-02 9.984732e-01 4.662819e-02 -7.415633e-01 1.547841e-02 -4.618490e-02 9.988130e-01 1.442050e+02
9.994487e-01 3.013596e-02 -1.392538e-02 -8.319770e-01 -2.944309e-02 9.984356e-01 4.753577e-02 -7.360961e-01 1.533612e-02 -4.709954e-02 9.987726e-01 1.448098e+02
9.994341e-01 3.055548e-02 -1.406109e-02 -8.702320e-01 -2.984320e-02 9.983847e-01 4.834629e-02 -7.419564e-01 1.551561e-02 -4.789928e-02 9.987317e-01 1.461626e+02
9.993827e-01 3.140075e-02 -1.574408e-02 -8.071622e-01 -3.057650e-02 9.982755e-01 5.011182e-02 -7.445095e-01 1.729046e-02 -4.959947e-02 9.986196e-01 1.468959e+02
9.993668e-01 3.144027e-02 -1.665272e-02 -8.509004e-01 -3.055821e-02 9.982409e-01 5.080800e-02 -7.091931e-01 1.822083e-02 -5.026694e-02 9.985696e-01 1.480088e+02
9.993439e-01 3.083162e-02 -1.899800e-02 -7.458142e-01 -2.982305e-02 9.982400e-01 5.126124e-02 -7.361459e-01 2.054502e-02 -5.066102e-02 9.985046e-01 1.492105e+02
9.993030e-01 3.132075e-02 -2.029972e-02 -8.472468e-01 -3.023322e-02 9.981982e-01 5.183106e-02 -6.709962e-01 2.188652e-02 -5.118120e-02 9.984495e-01 1.493911e+02
9.992822e-01 3.004228e-02 -2.306733e-02 -7.134408e-01 -2.876418e-02 9.981336e-01 5.387087e-02 -7.175428e-01 2.464266e-02 -5.316869e-02 9.982814e-01 1.516019e+02
9.992287e-01 3.013662e-02 -2.516673e-02 -6.454574e-01 -2.870877e-02 9.980577e-01 5.528891e-02 -7.580459e-01 2.678405e-02 -5.452375e-02 9.981532e-01 1.538361e+02
9.991851e-01 3.017558e-02 -2.679913e-02 -6.769711e-01 -2.867475e-02 9.980898e-01 5.472366e-02 -7.319920e-01 2.839924e-02 -5.391060e-02 9.981418e-01 1.546247e+02
9.991995e-01 2.967348e-02 -2.682286e-02 -8.227962e-01 -2.818732e-02 9.981332e-01 5.418222e-02 -7.676782e-01 2.838054e-02 -5.338278e-02 9.981707e-01 1.566008e+02
9.991035e-01 3.013060e-02 -2.973197e-02 -7.169687e-01 -2.846749e-02 9.980884e-01 5.485742e-02 -7.594712e-01 3.132800e-02 -5.396184e-02 9.980513e-01 1.574430e+02
9.991189e-01 2.951547e-02 -2.983164e-02 -8.882427e-01 -2.786904e-02 9.981425e-01 5.417578e-02 -7.181922e-01 3.137523e-02 -5.329666e-02 9.980856e-01 1.584462e+02
9.990643e-01 3.001742e-02 -3.112910e-02 -9.270920e-01 -2.832287e-02 9.981652e-01 5.351787e-02 -6.949118e-01 3.267843e-02 -5.258613e-02 9.980814e-01 1.600346e+02
9.989901e-01 3.037215e-02 -3.310493e-02 -8.687592e-01 -2.852141e-02 9.980783e-01 5.501192e-02 -7.495058e-01 3.471212e-02 -5.401216e-02 9.979365e-01 1.613694e+02
9.990439e-01 2.987751e-02 -3.190944e-02 -1.129475e+00 -2.801888e-02 9.979703e-01 5.718588e-02 -7.750518e-01 3.355324e-02 -5.623714e-02 9.978533e-01 1.630465e+02
9.989673e-01 3.202670e-02 -3.221964e-02 -1.165158e+00 -3.012592e-02 9.978710e-01 5.784339e-02 -7.121447e-01 3.400356e-02 -5.681301e-02 9.978054e-01 1.644389e+02
9.988885e-01 3.385197e-02 -3.279255e-02 -1.238158e+00 -3.191913e-02 9.978194e-01 5.777208e-02 -6.162006e-01 3.467673e-02 -5.666116e-02 9.977909e-01 1.663532e+02
9.988238e-01 3.556253e-02 -3.295350e-02 -1.272114e+00 -3.356057e-02 9.976680e-01 5.943191e-02 -6.351782e-01 3.499018e-02 -5.825606e-02 9.976881e-01 1.670797e+02
9.987620e-01 3.587367e-02 -3.445413e-02 -1.232956e+00 -3.378908e-02 9.976688e-01 5.928969e-02 -6.196265e-01 3.650073e-02 -5.805212e-02 9.976459e-01 1.682586e+02
9.986906e-01 3.700107e-02 -3.531950e-02 -1.239258e+00 -3.486644e-02 9.976340e-01 5.925152e-02 -5.761064e-01 3.742829e-02 -5.794247e-02 9.976179e-01 1.696652e+02
9.986454e-01 3.748446e-02 -3.608112e-02 -1.247527e+00 -3.525798e-02 9.975464e-01 6.048179e-02 -5.691608e-01 3.825971e-02 -5.912771e-02 9.975168e-01 1.709664e+02
9.985994e-01 3.701129e-02 -3.779953e-02 -1.207471e+00 -3.470623e-02 9.975998e-01 5.991641e-02 -5.465824e-01 3.992638e-02 -5.852062e-02 9.974874e-01 1.723529e+02
9.986144e-01 3.487388e-02 -3.940178e-02 -1.225087e+00 -3.250524e-02 9.977147e-01 5.923481e-02 -5.380255e-01 4.137747e-02 -5.787196e-02 9.974661e-01 1.733314e+02
9.986237e-01 3.313297e-02 -4.064921e-02 -1.236406e+00 -3.066335e-02 9.977307e-01 5.994255e-02 -5.331123e-01 4.254304e-02 -5.861360e-02 9.973738e-01 1.742069e+02
9.985262e-01 3.377529e-02 -4.247689e-02 -1.224685e+00 -3.097608e-02 9.974099e-01 6.491471e-02 -5.968733e-01 4.455937e-02 -6.350326e-02 9.969864e-01 1.765104e+02
9.984480e-01 3.359855e-02 -4.441084e-02 -1.140998e+00 -3.044733e-02 9.970947e-01 6.982210e-02 -5.862767e-01 4.662773e-02 -6.836153e-02 9.965705e-01 1.777914e+02
9.983772e-01 3.450118e-02 -4.530083e-02 -1.157657e+00 -3.130290e-02 9.970903e-01 6.950615e-02 -5.496482e-01 4.756705e-02 -6.797530e-02 9.965525e-01 1.791142e+02
9.985352e-01 3.593665e-02 -4.044143e-02 -1.687274e+00 -3.319861e-02 9.972373e-01 6.645096e-02 -4.757979e-01 4.271771e-02 -6.501102e-02 9.969699e-01 1.805421e+02
9.983475e-01 3.788408e-02 -4.320197e-02 -1.362351e+00 -3.503798e-02 9.972807e-01 6.483439e-02 -4.395889e-01 4.554068e-02 -6.321354e-02 9.969605e-01 1.800928e+02
9.983886e-01 3.827729e-02 -4.188627e-02 -1.565547e+00 -3.549163e-02 9.972317e-01 6.534079e-02 -3.837167e-01 4.427137e-02 -6.374890e-02 9.969836e-01 1.814391e+02
9.982961e-01 3.886278e-02 -4.351830e-02 -1.459341e+00 -3.586443e-02 9.970623e-01 6.767923e-02 -4.219594e-01 4.602065e-02 -6.600316e-02 9.967576e-01 1.826918e+02
9.984822e-01 3.909571e-02 -3.878435e-02 -1.966868e+00 -3.631774e-02 9.968917e-01 6.991369e-02 -3.752317e-01 4.139711e-02 -6.839903e-02 9.967988e-01 1.837643e+02
9.985493e-01 3.867294e-02 -3.745487e-02 -2.077606e+00 -3.594501e-02 9.968318e-01 7.095325e-02 -3.252180e-01 4.008017e-02 -6.950401e-02 9.967762e-01 1.845176e+02
9.984752e-01 3.963440e-02 -3.841276e-02 -2.006032e+00 -3.681302e-02 9.967565e-01 7.156308e-02 -3.189333e-01 4.112453e-02 -7.003987e-02 9.966961e-01 1.857692e+02
9.982959e-01 4.340817e-02 -3.898960e-02 -1.901891e+00 -4.054845e-02 9.966260e-01 7.136151e-02 -3.684985e-01 4.195572e-02 -6.965893e-02 9.966882e-01 1.871788e+02
9.978297e-01 4.766361e-02 -4.542390e-02 -1.476394e+00 -4.423878e-02 9.963038e-01 7.363204e-02 -5.732613e-01 4.876557e-02 -7.146273e-02 9.962505e-01 1.888626e+02
9.979624e-01 4.728153e-02 -4.283362e-02 -1.679921e+00 -4.402803e-02 9.962893e-01 7.395461e-02 -5.751433e-01 4.617136e-02 -7.191803e-02 9.963413e-01 1.895766e+02
9.979953e-01 4.800781e-02 -4.122860e-02 -1.808137e+00 -4.482131e-02 9.961747e-01 7.501341e-02 -5.355262e-01 4.467212e-02 -7.301511e-02 9.963298e-01 1.904561e+02
9.981112e-01 4.739176e-02 -3.907916e-02 -1.986607e+00 -4.428999e-02 9.960668e-01 7.674212e-02 -4.592551e-01 4.256239e-02 -7.486635e-02 9.962848e-01 1.913867e+02
9.980440e-01 4.881920e-02 -3.903843e-02 -2.003847e+00 -4.569957e-02 9.959707e-01 7.716224e-02 -3.848401e-01 4.264812e-02 -7.522725e-02 9.962539e-01 1.929408e+02
9.980730e-01 4.907556e-02 -3.795943e-02 -2.133829e+00 -4.598634e-02 9.958634e-01 7.836810e-02 -3.813168e-01 4.164835e-02 -7.647147e-02 9.962015e-01 1.935403e+02
9.980776e-01 5.032182e-02 -3.616424e-02 -2.290132e+00 -4.735845e-02 9.957817e-01 7.858905e-02 -3.141648e-01 3.996642e-02 -7.672528e-02 9.962509e-01 1.952768e+02
9.980600e-01 5.008128e-02 -3.697417e-02 -2.183525e+00 -4.703016e-02 9.957467e-01 7.922637e-02 -2.844632e-01 4.078465e-02 -7.733376e-02 9.961708e-01 1.965205e+02
9.979667e-01 5.169885e-02 -3.726574e-02 -2.160697e+00 -4.857545e-02 9.955835e-01 8.033704e-02 -3.029917e-01 4.125447e-02 -7.836348e-02 9.960709e-01 1.981257e+02
9.981142e-01 5.172453e-02 -3.304087e-02 -2.486178e+00 -4.891020e-02 9.955174e-01 8.095082e-02 -2.512607e-01 3.707989e-02 -7.918210e-02 9.961703e-01 1.989523e+02
9.981127e-01 5.117260e-02 -3.393019e-02 -2.448844e+00 -4.827442e-02 9.955168e-01 8.133903e-02 -2.049415e-01 3.794039e-02 -7.954753e-02 9.961088e-01 1.999445e+02
9.981335e-01 5.107773e-02 -3.345880e-02 -2.553562e+00 -4.818334e-02 9.954470e-01 8.224262e-02 -1.519741e-01 3.750722e-02 -8.047694e-02 9.960505e-01 2.005511e+02
9.981480e-01 5.071315e-02 -3.358070e-02 -2.634468e+00 -4.775644e-02 9.953496e-01 8.365791e-02 -9.950864e-02 3.766708e-02 -8.189928e-02 9.959286e-01 2.011927e+02
9.979857e-01 5.206201e-02 -3.623594e-02 -2.479831e+00 -4.883412e-02 9.951932e-01 8.488756e-02 -1.252909e-01 4.048116e-02 -8.294702e-02 9.957314e-01 2.029575e+02
9.977611e-01 5.340233e-02 -4.024768e-02 -2.215483e+00 -4.984648e-02 9.951591e-01 8.469839e-02 -1.155311e-01 4.457592e-02 -8.250254e-02 9.955935e-01 2.048190e+02
9.977136e-01 5.361094e-02 -4.113880e-02 -2.248616e+00 -4.995799e-02 9.951107e-01 8.520020e-02 -9.296909e-02 4.550531e-02 -8.295018e-02 9.955143e-01 2.056761e+02
9.978013e-01 5.358401e-02 -3.899004e-02 -2.535588e+00 -5.010503e-02 9.950939e-01 8.531000e-02 -2.030825e-02 4.336999e-02 -8.316885e-02 9.955913e-01 2.063277e+02
9.977173e-01 5.342501e-02 -4.128848e-02 -2.529949e+00 -4.970756e-02 9.950245e-01 8.634540e-02 -4.807360e-03 4.569604e-02 -8.409597e-02 9.954094e-01 2.070797e+02
9.977629e-01 5.278422e-02 -4.101154e-02 -2.708889e+00 -4.903802e-02 9.949546e-01 8.752586e-02 4.114127e-02 4.542459e-02 -8.531894e-02 9.953178e-01 2.081908e+02
9.976433e-01 5.219198e-02 -4.452699e-02 -2.650768e+00 -4.804400e-02 9.948164e-01 8.962292e-02 9.417358e-02 4.897377e-02 -8.727247e-02 9.949800e-01 2.091835e+02
9.975538e-01 5.313109e-02 -4.541294e-02 -2.838212e+00 -4.881153e-02 9.946132e-01 9.144422e-02 1.857302e-01 5.002683e-02 -8.900386e-02 9.947743e-01 2.100745e+02
9.973878e-01 5.357169e-02 -4.844192e-02 -2.880573e+00 -4.895006e-02 9.945531e-01 9.202141e-02 2.508429e-01 5.310780e-02 -8.940981e-02 9.945781e-01 2.109131e+02
9.970242e-01 5.424978e-02 -5.475929e-02 -2.668533e+00 -4.902035e-02 9.944866e-01 9.270019e-02 2.532524e-01 5.948636e-02 -8.974002e-02 9.941873e-01 2.120053e+02
9.967937e-01 5.421362e-02 -5.883951e-02 -2.683750e+00 -4.856118e-02 9.944270e-01 9.357665e-02 3.010082e-01 6.358474e-02 -9.041931e-02 9.938720e-01 2.130816e+02
9.965546e-01 5.469868e-02 -6.233592e-02 -2.775788e+00 -4.866314e-02 9.943311e-01 9.453813e-02 3.643306e-01 6.715368e-02 -9.117895e-02 9.935678e-01 2.140392e+02
9.961730e-01 5.534837e-02 -6.763700e-02 -2.686847e+00 -4.880087e-02 9.942906e-01 9.489272e-02 4.201828e-01 7.250302e-02 -9.122882e-02 9.931872e-01 2.153882e+02
9.954994e-01 5.570167e-02 -7.666346e-02 -2.315309e+00 -4.829577e-02 9.942782e-01 9.528071e-02 4.455169e-01 8.153214e-02 -9.114937e-02 9.924941e-01 2.165582e+02
9.951200e-01 5.609914e-02 -8.116727e-02 -2.322893e+00 -4.826481e-02 9.942628e-01 9.545731e-02 4.831029e-01 8.605669e-02 -9.107395e-02 9.921190e-01 2.176127e+02
9.945039e-01 5.855088e-02 -8.679271e-02 -2.222075e+00 -5.012141e-02 9.940888e-01 9.630814e-02 5.088000e-01 9.191862e-02 -9.142863e-02 9.915604e-01 2.187777e+02
9.941270e-01 5.926275e-02 -9.054577e-02 -2.314924e+00 -5.048234e-02 9.940653e-01 9.636234e-02 5.622279e-01 9.571914e-02 -9.122542e-02 9.912195e-01 2.201825e+02
9.939052e-01 6.078646e-02 -9.195942e-02 -2.579257e+00 -5.182952e-02 9.939498e-01 9.683691e-02 6.229739e-01 9.728947e-02 -9.148047e-02 9.910432e-01 2.211345e+02
9.936066e-01 6.176814e-02 -9.449776e-02 -2.596635e+00 -5.247224e-02 9.938141e-01 9.787843e-02 6.785013e-01 9.995902e-02 -9.229412e-02 9.907020e-01 2.219191e+02
9.934858e-01 6.190512e-02 -9.567052e-02 -2.635034e+00 -5.231870e-02 9.936457e-01 9.965333e-02 7.021824e-01 1.012317e-01 -9.399880e-02 9.904124e-01 2.229757e+02
9.932519e-01 6.219509e-02 -9.788562e-02 -2.533868e+00 -5.216152e-02 9.934239e-01 1.019209e-01 6.809719e-01 1.035810e-01 -9.612723e-02 9.899651e-01 2.233847e+02
9.930702e-01 6.207674e-02 -9.978537e-02 -2.462967e+00 -5.179472e-02 9.933814e-01 1.025210e-01 6.783562e-01 1.054892e-01 -9.664222e-02 9.897134e-01 2.240385e+02
9.929054e-01 6.353354e-02 -1.005053e-01 -2.500705e+00 -5.336165e-02 9.934698e-01 1.008464e-01 7.384831e-01 1.062562e-01 -9.476780e-02 9.898126e-01 2.247772e+02
9.931049e-01 6.343828e-02 -9.857588e-02 -2.732108e+00 -5.362298e-02 9.936199e-01 9.921600e-02 7.929403e-01 1.042411e-01 -9.324596e-02 9.901713e-01 2.257639e+02
9.930331e-01 6.370404e-02 -9.912726e-02 -2.665038e+00 -5.397080e-02 9.937266e-01 9.795108e-02 8.336973e-01 1.047453e-01 -9.191868e-02 9.902422e-01 2.260029e+02
9.931105e-01 6.431774e-02 -9.794869e-02 -2.760314e+00 -5.471730e-02 9.937072e-01 9.773185e-02 8.941336e-01 1.036183e-01 -9.169902e-02 9.903811e-01 2.269615e+02
9.933662e-01 6.438346e-02 -9.527524e-02 -2.932697e+00 -5.501341e-02 9.936740e-01 9.790304e-02 9.600244e-01 1.009759e-01 -9.201213e-02 9.906250e-01 2.280314e+02
9.934893e-01 6.440425e-02 -9.396859e-02 -2.969906e+00 -5.517763e-02 9.936865e-01 9.768448e-02 1.020423e+00 9.966668e-02 -9.186351e-02 9.907713e-01 2.285461e+02
9.936458e-01 6.475763e-02 -9.205098e-02 -3.101785e+00 -5.570905e-02 9.936570e-01 9.768321e-02 1.063418e+00 9.779289e-02 -9.193442e-02 9.909514e-01 2.296388e+02
9.936206e-01 6.500420e-02 -9.214956e-02 -3.067564e+00 -5.603725e-02 9.937285e-01 9.676430e-02 1.115391e+00 9.786178e-02 -9.098317e-02 9.910324e-01 2.303683e+02
9.938288e-01 6.524724e-02 -8.969960e-02 -3.130931e+00 -5.652574e-02 9.937214e-01 9.655222e-02 1.194142e+00 9.543623e-02 -9.088601e-02 9.912779e-01 2.310202e+02
9.939630e-01 6.514823e-02 -8.827305e-02 -3.065455e+00 -5.651745e-02 9.936807e-01 9.697528e-02 1.240688e+00 9.403304e-02 -9.140085e-02 9.913646e-01 2.317282e+02
9.943216e-01 6.428588e-02 -8.479916e-02 -3.239392e+00 -5.597099e-02 9.937062e-01 9.703092e-02 1.321931e+00 9.050322e-02 -9.173362e-02 9.916624e-01 2.327810e+02
9.945832e-01 6.407408e-02 -8.183887e-02 -3.279524e+00 -5.605267e-02 9.937232e-01 9.681062e-02 1.391659e+00 8.752827e-02 -9.169893e-02 9.919326e-01 2.334766e+02
9.948290e-01 6.393006e-02 -7.891167e-02 -3.314478e+00 -5.619460e-02 9.937325e-01 9.663198e-02 1.422628e+00 8.459483e-02 -9.169789e-02 9.921871e-01 2.340710e+02
9.951220e-01 6.403901e-02 -7.503416e-02 -3.440821e+00 -5.667216e-02 9.937180e-01 9.650315e-02 1.495677e+00 8.074280e-02 -9.178006e-02 9.925005e-01 2.351134e+02
9.953196e-01 6.529980e-02 -7.123050e-02 -3.503037e+00 -5.833440e-02 9.936866e-01 9.583271e-02 1.519784e+00 7.703868e-02 -9.122898e-02 9.928457e-01 2.356045e+02
9.955288e-01 6.576933e-02 -6.779179e-02 -3.582330e+00 -5.917138e-02 9.937053e-01 9.512301e-02 1.576623e+00 7.362127e-02 -9.068637e-02 9.931547e-01 2.364316e+02
9.957547e-01 6.654579e-02 -6.358668e-02 -3.684647e+00 -6.029179e-02 9.935857e-01 9.566718e-02 1.633838e+00 6.954510e-02 -9.142729e-02 9.933806e-01 2.367674e+02
9.957989e-01 6.756886e-02 -6.179129e-02 -3.624640e+00 -6.142439e-02 9.934412e-01 9.644411e-02 1.641263e+00 6.790267e-02 -9.224342e-02 9.934188e-01 2.370064e+02
9.960449e-01 6.693629e-02 -5.842149e-02 -3.805839e+00 -6.114522e-02 9.935170e-01 9.583830e-02 1.721307e+00 6.445783e-02 -9.188705e-02 9.936813e-01 2.378571e+02
9.961993e-01 6.740944e-02 -5.515364e-02 -3.952185e+00 -6.201235e-02 9.936087e-01 9.431840e-02 1.751679e+00 6.115911e-02 -9.053971e-02 9.940134e-01 2.384160e+02
9.960970e-01 6.860105e-02 -5.553058e-02 -3.575921e+00 -6.324673e-02 9.936527e-01 9.302598e-02 1.623031e+00 6.155982e-02 -8.915076e-02 9.941142e-01 2.373332e+02
9.963682e-01 6.225013e-02 -5.808812e-02 -3.369445e+00 -5.682480e-02 9.942476e-01 9.078733e-02 1.823504e+00 6.340553e-02 -8.715676e-02 9.941751e-01 2.387770e+02
9.963588e-01 6.276586e-02 -5.769453e-02 -3.359218e+00 -5.738387e-02 9.942299e-01 9.062932e-02 1.819794e+00 6.305008e-02 -8.698858e-02 9.942124e-01 2.390124e+02
9.963551e-01 6.227278e-02 -5.828945e-02 -3.368100e+00 -5.686374e-02 9.942937e-01 9.025660e-02 1.879662e+00 6.357738e-02 -8.661307e-02 9.942116e-01 2.401551e+02
9.963411e-01 6.424013e-02 -5.636079e-02 -3.754450e+00 -5.899486e-02 9.941700e-01 9.025154e-02 1.963902e+00 6.182999e-02 -8.659631e-02 9.943233e-01 2.415922e+02
9.964212e-01 6.441560e-02 -5.472106e-02 -3.726474e+00 -5.932193e-02 9.941647e-01 9.009552e-02 1.970024e+00 6.020533e-02 -8.652692e-02 9.944291e-01 2.412950e+02
9.965463e-01 6.367149e-02 -5.329446e-02 -3.793802e+00 -5.877630e-02 9.943082e-01 8.886131e-02 1.996990e+00 5.864906e-02 -8.542196e-02 9.946176e-01 2.418173e+02
9.967688e-01 5.936520e-02 -5.409881e-02 -3.680719e+00 -5.453194e-02 9.947306e-01 8.681662e-02 2.040596e+00 5.896764e-02 -8.358599e-02 9.947547e-01 2.422836e+02
9.971164e-01 5.546099e-02 -5.178667e-02 -3.949172e+00 -5.087918e-02 9.949991e-01 8.595263e-02 2.136513e+00 5.629472e-02 -8.306991e-02 9.949527e-01 2.432164e+02
9.969414e-01 5.907939e-02 -5.115070e-02 -3.990444e+00 -5.430456e-02 9.944439e-01 9.017873e-02 2.177063e+00 5.619422e-02 -8.712519e-02 9.946116e-01 2.442064e+02
9.966682e-01 6.371634e-02 -5.090724e-02 -4.178502e+00 -5.860305e-02 9.936255e-01 9.630103e-02 2.279449e+00 5.671869e-02 -9.299686e-02 9.940500e-01 2.462548e+02
9.968554e-01 6.258074e-02 -4.859727e-02 -4.247181e+00 -5.752225e-02 9.933931e-01 9.930449e-02 2.362262e+00 5.449075e-02 -9.619681e-02 9.938701e-01 2.464989e+02
9.970577e-01 6.186401e-02 -4.525110e-02 -4.223569e+00 -5.726201e-02 9.936596e-01 9.675495e-02 2.388543e+00 5.094985e-02 -9.387910e-02 9.942794e-01 2.461035e+02
9.971129e-01 6.232064e-02 -4.336743e-02 -4.098048e+00 -5.818698e-02 9.941669e-01 9.080896e-02 2.424747e+00 4.877375e-02 -8.802337e-02 9.949240e-01 2.469999e+02
9.972189e-01 6.377529e-02 -3.854758e-02 -4.212610e+00 -6.022898e-02 9.943817e-01 8.704876e-02 2.508099e+00 4.388257e-02 -8.448499e-02 9.954584e-01 2.476797e+02
9.972339e-01 6.593975e-02 -3.428400e-02 -4.461577e+00 -6.274609e-02 9.942213e-01 8.710217e-02 2.572622e+00 3.982937e-02 -8.471004e-02 9.956096e-01 2.489985e+02
9.972164e-01 6.694852e-02 -3.280491e-02 -4.373239e+00 -6.377280e-02 9.939157e-01 8.980168e-02 2.567309e+00 3.861741e-02 -8.745965e-02 9.954196e-01 2.503292e+02
9.974886e-01 6.443714e-02 -2.937714e-02 -4.378952e+00 -6.146578e-02 9.937880e-01 9.277503e-02 2.622194e+00 3.517280e-02 -9.073635e-02 9.952540e-01 2.509524e+02
9.977018e-01 6.322837e-02 -2.433501e-02 -4.461715e+00 -6.067714e-02 9.937018e-01 9.420576e-02 2.639031e+00 3.013821e-02 -9.251267e-02 9.952556e-01 2.512746e+02
9.977216e-01 6.415367e-02 -2.084986e-02 -4.513194e+00 -6.191158e-02 9.935902e-01 9.457955e-02 2.710869e+00 2.678383e-02 -9.307322e-02 9.952993e-01 2.523815e+02
9.975128e-01 6.821835e-02 -1.770178e-02 -4.728426e+00 -6.630462e-02 9.935102e-01 9.241741e-02 2.816115e+00 2.389144e-02 -9.101384e-02 9.955634e-01 2.542692e+02
9.974668e-01 6.944788e-02 -1.535759e-02 -4.737924e+00 -6.777927e-02 9.935656e-01 9.073637e-02 2.801194e+00 2.156020e-02 -8.946559e-02 9.957569e-01 2.551274e+02
9.974836e-01 6.946327e-02 -1.414820e-02 -4.575511e+00 -6.790095e-02 9.935488e-01 9.083079e-02 2.859016e+00 2.036631e-02 -8.964154e-02 9.957662e-01 2.559851e+02
9.974237e-01 7.070670e-02 -1.205819e-02 -4.538891e+00 -6.929829e-02 9.933095e-01 9.237843e-02 2.958418e+00 1.850926e-02 -9.130481e-02 9.956514e-01 2.573049e+02
9.973294e-01 7.231051e-02 -1.019998e-02 -4.412878e+00 -7.103345e-02 9.930106e-01 9.425431e-02 2.997840e+00 1.694424e-02 -9.327805e-02 9.954963e-01 2.583216e+02
9.973310e-01 7.270049e-02 -6.663521e-03 -4.420005e+00 -7.175674e-02 9.929913e-01 9.390969e-02 3.045488e+00 1.344407e-02 -9.318089e-02 9.955587e-01 2.586273e+02
9.973423e-01 7.271877e-02 -4.371789e-03 -4.404478e+00 -7.199708e-02 9.930444e-01 9.316109e-02 3.111150e+00 1.111591e-02 -9.259874e-02 9.956418e-01 2.596614e+02
9.974841e-01 7.084060e-02 -2.377433e-03 -4.309461e+00 -7.031474e-02 9.931950e-01 9.284077e-02 3.139544e+00 8.938117e-03 -9.244004e-02 9.956784e-01 2.603441e+02
9.976984e-01 6.778689e-02 1.218104e-03 -4.430334e+00 -6.760588e-02 9.933612e-01 9.307351e-02 3.198303e+00 5.099108e-03 -9.294166e-02 9.956588e-01 2.607240e+02
9.977688e-01 6.668970e-02 2.887855e-03 -4.514850e+00 -6.666911e-02 9.934350e-01 9.296224e-02 3.255329e+00 3.330687e-03 -9.294738e-02 9.956657e-01 2.615080e+02
9.977882e-01 6.629412e-02 4.715306e-03 -4.629865e+00 -6.644484e-02 9.934257e-01 9.322099e-02 3.271723e+00 1.495655e-03 -9.332815e-02 9.956346e-01 2.620727e+02
9.977413e-01 6.682756e-02 6.690004e-03 -4.769624e+00 -6.716032e-02 9.933866e-01 9.312513e-02 3.316522e+00 -4.224801e-04 -9.336414e-02 9.956322e-01 2.625651e+02
9.977279e-01 6.707375e-02 6.219744e-03 -4.716969e+00 -6.736144e-02 9.932924e-01 9.398142e-02 3.345444e+00 1.256173e-04 -9.418691e-02 9.955548e-01 2.632761e+02
