1.000000e+00 0.000000e+00 0.000000e+00 0.000000e+00 0.000000e+00 1.000000e+00 0.000000e+00 0.000000e+00 0.000000e+00 0.000000e+00 1.000000e+00 0.000000e+00
9.999985e-01 9.109653e-04 1.483718e-03 3.845384e-02 -9.116054e-04 9.999995e-01 4.308586e-04 -6.016093e-02 -1.483325e-03 -4.322105e-04 9.999988e-01 1.144225e+00
9.999921e-01 7.321194e-04 3.916887e-03 -5.912602e-02 -7.382177e-04 9.999985e-01 1.555731e-03 -1.461006e-01 -3.915742e-03 -1.558610e-03 9.999911e-01 2.553168e+00
9.999853e-01 -8.022531e-04 5.374143e-03 -1.093662e-01 7.892081e-04 9.999967e-01 2.429013e-03 -1.620784e-01 -5.376074e-03 -2.424736e-03 9.999826e-01 3.757142e+00
9.999967e-01 5.728778e-04 2.557958e-03 2.047877e-01 -5.813639e-04 9.999943e-01 3.318022e-03 -2.219246e-01 -2.556043e-03 -3.319497e-03 9.999912e-01 4.875257e+00
9.999930e-01 9.814798e-04 3.649092e-03 2.028358e-01 -9.950539e-04 9.999925e-01 3.719919e-03 -2.717566e-01 -3.645414e-03 -3.723523e-03 9.999865e-01 6.311887e+00
9.999955e-01 2.114231e-03 2.183073e-03 4.222339e-01 -2.120369e-03 9.999937e-01 2.813122e-03 -3.293465e-01 -2.177112e-03 -2.817737e-03 9.999937e-01 7.858029e+00
9.999838e-01 5.705643e-03 -4.528323e-05 7.131389e-01 -5.705473e-03 9.999788e-01 3.114341e-03 -3.301388e-01 6.305194e-05 -3.114031e-03 9.999952e-01 8.278577e+00
9.999871e-01 5.010109e-03 -8.394842e-04 7.712741e-01 -5.005208e-03 9.999709e-01 5.740701e-03 -3.667442e-01 8.682218e-04 -5.736426e-03 9.999833e-01 9.144426e+00
9.999732e-01 5.960280e-03 -4.270250e-03 9.525927e-01 -5.932845e-03 9.999618e-01 6.408557e-03 -3.787571e-01 4.308285e-03 -6.383050e-03 9.999704e-01 1.044020e+01
9.999852e-01 3.862029e-03 -3.868639e-03 7.148992e-01 -3.838086e-03 9.999735e-01 6.177341e-03 -4.121991e-01 3.892394e-03 -6.162400e-03 9.999735e-01 1.192720e+01
9.999574e-01 3.579346e-03 -8.524254e-03 9.022928e-01 -3.527134e-03 9.999749e-01 6.132249e-03 -3.970873e-01 8.545990e-03 -6.101920e-03 9.999450e-01 1.260015e+01
9.999194e-01 4.502002e-03 -1.187890e-02 1.022119e+00 -4.413771e-03 9.999625e-01 7.443199e-03 -5.245807e-01 1.191197e-02 -7.390168e-03 9.999018e-01 1.386417e+01
9.998668e-01 7.181676e-03 -1.466824e-02 1.168189e+00 -7.067720e-03 9.999445e-01 7.805891e-03 -5.574940e-01 1.472348e-02 -7.701179e-03 9.998621e-01 1.470513e+01
9.998289e-01 8.180949e-03 -1.660230e-02 1.296849e+00 -8.044877e-03 9.999335e-01 8.246178e-03 -5.488250e-01 1.666866e-02 -8.111202e-03 9.998283e-01 1.540991e+01
9.997987e-01 8.070665e-03 -1.837976e-02 1.415795e+00 -7.907675e-03 9.999288e-01 8.923319e-03 -5.560912e-01 1.845047e-02 -8.776180e-03 9.997914e-01 1.630185e+01
9.998217e-01 7.126645e-03 -1.749394e-02 1.208977e+00 -6.957836e-03 9.999287e-01 9.691475e-03 -6.131668e-01 1.756176e-02 -9.568028e-03 9.998001e-01 1.753596e+01
9.998242e-01 7.267015e-03 -1.729274e-02 1.042999e+00 -7.104286e-03 9.999299e-01 9.453069e-03 -6.880674e-01 1.736023e-02 -9.328555e-03 9.998059e-01 1.826765e+01
9.997788e-01 7.311135e-03 -1.972456e-02 1.176018e+00 -7.126992e-03 9.999304e-01 9.389854e-03 -7.169254e-01 1.979184e-02 -9.247201e-03 9.997615e-01 1.869555e+01
9.997487e-01 8.466841e-03 -2.076147e-02 1.191826e+00 -8.266212e-03 9.999184e-01 9.730294e-03 -7.032353e-01 2.084216e-02 -9.556230e-03 9.997372e-01 1.925097e+01
9.996741e-01 9.879295e-03 -2.354058e-02 1.364838e+00 -9.659998e-03 9.999089e-01 9.411257e-03 -6.601729e-01 2.363142e-02 -9.180788e-03 9.996787e-01 2.006601e+01
9.996340e-01 1.055479e-02 -2.491259e-02 1.539333e+00 -1.032664e-02 9.999036e-01 9.268896e-03 -6.470107e-01 2.500802e-02 -9.008240e-03 9.996467e-01 2.012733e+01
9.996285e-01 1.021617e-02 -2.527046e-02 1.393990e+00 -9.968166e-03 9.999009e-01 9.920605e-03 -6.558791e-01 2.536930e-02 -9.665021e-03 9.996315e-01 2.156201e+01
9.997813e-01 8.619486e-03 -1.905484e-02 5.181042e-01 -8.384428e-03 9.998881e-01 1.238161e-02 -7.712263e-01 1.915943e-02 -1.221914e-02 9.997418e-01 2.365230e+01
9.996553e-01 8.493225e-03 -2.484376e-02 8.866869e-01 -8.166240e-03 9.998789e-01 1.323374e-02 -7.445468e-01 2.495314e-02 -1.302630e-02 9.996037e-01 2.398202e+01
9.995910e-01 8.346772e-03 -2.735368e-02 9.732560e-01 -7.992049e-03 9.998827e-01 1.305189e-02 -8.336398e-01 2.745941e-02 -1.282793e-02 9.995406e-01 2.532120e+01
9.993971e-01 9.260054e-03 -3.346316e-02 1.519050e+00 -8.826850e-03 9.998754e-01 1.307041e-02 -8.715644e-01 3.358002e-02 -1.276715e-02 9.993545e-01 2.547127e+01
9.993166e-01 1.094887e-02 -3.530797e-02 1.636555e+00 -1.048567e-02 9.998567e-01 1.327750e-02 -8.946838e-01 3.544829e-02 -1.289819e-02 9.992883e-01 2.634125e+01
9.991377e-01 1.292017e-02 -3.946022e-02 2.046835e+00 -1.236862e-02 9.998226e-01 1.418971e-02 -9.203178e-01 3.963656e-02 -1.368941e-02 9.991204e-01 2.665792e+01
9.990202e-01 1.315554e-02 -4.225902e-02 2.160938e+00 -1.252168e-02 9.998054e-01 1.522927e-02 -9.762189e-01 4.245115e-02 -1.468520e-02 9.989905e-01 2.756866e+01
9.989582e-01 1.274690e-02 -4.382144e-02 2.173220e+00 -1.206883e-02 9.998037e-01 1.570336e-02 -1.065498e+00 4.401301e-02 -1.515812e-02 9.989159e-01 2.929666e+01
9.986213e-01 1.347512e-02 -5.073648e-02 2.827600e+00 -1.264243e-02 9.997804e-01 1.669738e-02 -1.153758e+00 5.095034e-02 -1.603293e-02 9.985724e-01 3.013828e+01
9.988121e-01 1.300376e-02 -4.696413e-02 2.357019e+00 -1.220687e-02 9.997770e-01 1.721535e-02 -1.132565e+00 4.717753e-02 -1.662161e-02 9.987481e-01 3.113231e+01
9.988698e-01 1.311310e-02 -4.568880e-02 2.231733e+00 -1.227943e-02 9.997535e-01 1.847993e-02 -1.107810e+00 4.591988e-02 -1.789801e-02 9.987847e-01 3.168940e+01
9.988610e-01 1.402053e-02 -4.561333e-02 2.182699e+00 -1.313016e-02 9.997182e-01 1.976162e-02 -1.169149e+00 4.587755e-02 -1.914020e-02 9.987636e-01 3.278096e+01
9.988148e-01 1.502544e-02 -4.630049e-02 2.347367e+00 -1.410346e-02 9.996966e-01 2.017570e-02 -1.231444e+00 4.658960e-02 -1.949878e-02 9.987237e-01 3.287302e+01
9.989113e-01 1.600232e-02 -4.382373e-02 1.950481e+00 -1.512173e-02 9.996782e-01 2.035228e-02 -1.262741e+00 4.413532e-02 -1.966743e-02 9.988319e-01 3.448984e+01
9.987119e-01 1.928044e-02 -4.693744e-02 2.348261e+00 -1.824044e-02 9.995804e-01 2.248557e-02 -1.296606e+00 4.735130e-02 -2.160045e-02 9.986446e-01 3.557110e+01
9.988225e-01 1.942473e-02 -4.445941e-02 2.239444e+00 -1.828010e-02 9.994943e-01 2.600882e-02 -1.302004e+00 4.494215e-02 -2.516547e-02 9.986725e-01 3.686024e+01
9.988620e-01 2.077677e-02 -4.293339e-02 2.260033e+00 -1.954400e-02 9.993898e-01 2.893663e-02 -1.318459e+00 4.350842e-02 -2.806461e-02 9.986587e-01 3.780345e+01
9.988918e-01 2.161684e-02 -4.181099e-02 2.299265e+00 -2.026265e-02 9.992645e-01 3.254539e-02 -1.342133e+00 4.248378e-02 -3.166212e-02 9.985952e-01 3.894036e+01
9.990078e-01 2.254678e-02 -3.840928e-02 2.059000e+00 -2.124197e-02 9.991941e-01 3.404713e-02 -1.353496e+00 3.914600e-02 -3.319746e-02 9.986818e-01 4.104770e+01
9.990481e-01 2.032716e-02 -3.859943e-02 2.186934e+00 -1.905739e-02 9.992738e-01 3.298360e-02 -1.365908e+00 3.924188e-02 -3.221659e-02 9.987102e-01 4.215279e+01
9.989577e-01 1.939553e-02 -4.132367e-02 2.575481e+00 -1.810213e-02 9.993412e-01 3.144681e-02 -1.327689e+00 4.190639e-02 -3.066597e-02 9.986507e-01 4.307947e+01
9.988964e-01 1.869591e-02 -4.309193e-02 2.931633e+00 -1.734683e-02 9.993538e-01 3.147112e-02 -1.327558e+00 4.365248e-02 -3.068887e-02 9.985753e-01 4.346403e+01
9.988968e-01 1.815529e-02 -4.331275e-02 2.863631e+00 -1.680060e-02 9.993642e-01 3.143841e-02 -1.336957e+00 4.385600e-02 -3.067604e-02 9.985668e-01 4.495092e+01
9.989436e-01 1.789356e-02 -4.232988e-02 2.677453e+00 -1.658694e-02 9.993808e-01 3.101983e-02 -1.375721e+00 4.285874e-02 -3.028493e-02 9.986220e-01 4.575916e+01
9.989177e-01 1.797579e-02 -4.290343e-02 2.496378e+00 -1.661329e-02 9.993525e-01 3.190532e-02 -1.391451e+00 4.344919e-02 -3.115801e-02 9.985697e-01 4.695779e+01
9.988262e-01 1.772540e-02 -4.508218e-02 2.629747e+00 -1.621816e-02 9.993041e-01 3.358167e-02 -1.395408e+00 4.564608e-02 -3.281110e-02 9.984186e-01 4.782512e+01
9.987845e-01 1.755135e-02 -4.606402e-02 2.683037e+00 -1.598648e-02 9.992895e-01 3.412280e-02 -1.403398e+00 4.663021e-02 -3.334492e-02 9.983554e-01 4.849244e+01
9.988130e-01 1.848287e-02 -4.507164e-02 2.244630e+00 -1.693218e-02 9.992593e-01 3.454731e-02 -1.440854e+00 4.567681e-02 -3.374314e-02 9.983861e-01 5.092125e+01
9.987214e-01 1.851439e-02 -4.704406e-02 2.416932e+00 -1.688439e-02 9.992509e-01 3.481239e-02 -1.457940e+00 4.765337e-02 -3.397356e-02 9.982859e-01 5.143573e+01
9.985827e-01 1.799238e-02 -5.009219e-02 2.818321e+00 -1.625430e-02 9.992586e-01 3.489123e-02 -1.506205e+00 5.068285e-02 -3.402755e-02 9.981349e-01 5.178210e+01
9.985475e-01 1.802253e-02 -5.077827e-02 2.814146e+00 -1.628897e-02 9.992768e-01 3.434918e-02 -1.510507e+00 5.136063e-02 -3.347215e-02 9.981190e-01 5.280049e+01
9.984534e-01 1.655284e-02 -5.307714e-02 3.067252e+00 -1.458770e-02 9.992010e-01 3.720014e-02 -1.602918e+00 5.365052e-02 -3.636832e-02 9.978971e-01 5.280288e+01
9.981406e-01 1.571084e-02 -5.889611e-02 3.693588e+00 -1.345607e-02 9.991682e-01 3.848684e-02 -1.498522e+00 5.945180e-02 -3.762275e-02 9.975218e-01 5.364117e+01
9.981309e-01 1.589431e-02 -5.901188e-02 3.788284e+00 -1.367914e-02 9.991931e-01 3.775361e-02 -1.549569e+00 5.956435e-02 -3.687580e-02 9.975430e-01 5.370509e+01
9.981997e-01 1.754019e-02 -5.735826e-02 3.607061e+00 -1.541823e-02 9.991875e-01 3.723028e-02 -1.564130e+00 5.796470e-02 -3.627888e-02 9.976591e-01 5.469446e+01
9.980492e-01 1.951048e-02 -5.930783e-02 3.764992e+00 -1.725640e-02 9.991176e-01 3.828377e-02 -1.591191e+00 6.000246e-02 -3.718562e-02 9.975052e-01 5.592928e+01
9.979900e-01 2.163259e-02 -5.956722e-02 3.814950e+00 -1.934553e-02 9.990630e-01 3.870730e-02 -1.582198e+00 6.034878e-02 -3.747711e-02 9.974734e-01 5.674929e+01
9.979331e-01 2.312192e-02 -5.995964e-02 3.970907e+00 -2.075723e-02 9.989932e-01 3.976529e-02 -1.617445e+00 6.081874e-02 -3.843848e-02 9.974083e-01 5.683612e+01
9.979687e-01 2.376522e-02 -5.911012e-02 3.946576e+00 -2.134055e-02 9.989179e-01 4.131779e-02 -1.629541e+00 6.002811e-02 -3.997241e-02 9.973959e-01 5.762413e+01
9.979476e-01 2.480865e-02 -5.903747e-02 4.156188e+00 -2.231144e-02 9.988434e-01 4.258829e-02 -1.649056e+00 6.002576e-02 -4.118366e-02 9.973467e-01 5.880392e+01
9.981546e-01 2.349177e-02 -5.599900e-02 4.034345e+00 -2.120645e-02 9.989314e-01 4.106056e-02 -1.685360e+00 5.690377e-02 -3.979724e-02 9.975859e-01 6.008761e+01
9.983538e-01 2.027021e-02 -5.365794e-02 3.938410e+00 -1.830639e-02 9.991533e-01 3.684061e-02 -1.711215e+00 5.435929e-02 -3.579767e-02 9.978793e-01 6.159673e+01
9.985389e-01 2.083042e-02 -4.986551e-02 3.925184e+00 -1.903359e-02 9.991616e-01 3.624106e-02 -1.655582e+00 5.057864e-02 -3.523898e-02 9.980979e-01 6.132508e+01
9.983009e-01 2.606695e-02 -5.211724e-02 4.890986e+00 -2.391388e-02 9.988514e-01 4.151718e-02 -1.900593e+00 5.313962e-02 -4.020030e-02 9.977773e-01 6.143424e+01
9.983514e-01 2.806048e-02 -5.007399e-02 5.544888e+00 -2.590740e-02 9.987329e-01 4.314076e-02 -1.947779e+00 5.122110e-02 -4.177235e-02 9.978130e-01 6.064633e+01
9.985098e-01 2.754009e-02 -4.711743e-02 5.589970e+00 -2.557987e-02 9.988021e-01 4.171178e-02 -1.932633e+00 4.820975e-02 -4.044436e-02 9.980177e-01 6.214882e+01
9.987897e-01 2.606811e-02 -4.171186e-02 5.221613e+00 -2.442693e-02 9.989254e-01 3.938299e-02 -1.922187e+00 4.269369e-02 -3.831644e-02 9.983528e-01 6.328633e+01
9.990320e-01 2.317750e-02 -3.739084e-02 5.036780e+00 -2.183071e-02 9.991120e-01 3.603398e-02 -1.866387e+00 3.819284e-02 -3.518284e-02 9.986504e-01 6.473776e+01
9.991402e-01 2.233205e-02 -3.493207e-02 5.077384e+00 -2.110201e-02 9.991575e-01 3.519337e-02 -1.863044e+00 3.568861e-02 -3.442598e-02 9.987695e-01 6.617366e+01
9.991630e-01 2.437247e-02 -3.285339e-02 5.282052e+00 -2.312016e-02 9.990111e-01 3.797347e-02 -1.973690e+00 3.374644e-02 -3.718212e-02 9.987382e-01 6.729053e+01
9.992328e-01 2.585647e-02 -2.941944e-02 5.369531e+00 -2.471627e-02 9.989534e-01 3.848140e-02 -1.979206e+00 3.038367e-02 -3.772474e-02 9.988258e-01 6.807253e+01
9.993623e-01 2.555053e-02 -2.494807e-02 5.225351e+00 -2.462817e-02 9.990261e-01 3.660332e-02 -1.970518e+00 2.585904e-02 -3.596556e-02 9.990180e-01 6.925332e+01
9.994484e-01 2.650304e-02 -2.001911e-02 4.932739e+00 -2.580339e-02 9.990736e-01 3.443336e-02 -1.974125e+00 2.091319e-02 -3.389781e-02 9.992060e-01 7.082939e+01
9.994969e-01 2.585340e-02 -1.837647e-02 5.147346e+00 -2.521692e-02 9.991014e-01 3.406148e-02 -1.943479e+00 1.924060e-02 -3.358095e-02 9.992503e-01 7.152402e+01
9.995647e-01 2.422797e-02 -1.683897e-02 5.415017e+00 -2.362910e-02 9.991114e-01 3.489666e-02 -1.849703e+00 1.766952e-02 -3.448359e-02 9.992485e-01 7.178771e+01
9.995830e-01 2.556751e-02 -1.342192e-02 5.331887e+00 -2.506617e-02 9.990272e-01 3.627783e-02 -1.859609e+00 1.433643e-02 -3.592628e-02 9.992511e-01 7.264559e+01
9.993431e-01 1.315360e-02 -3.376892e-02 8.573502e+00 -1.194363e-02 9.992880e-01 3.578587e-02 -1.451068e+00 3.421561e-02 -3.535905e-02 9.987882e-01 7.124531e+01
9.994243e-01 1.132759e-02 -3.198085e-02 8.640251e+00 -1.012797e-02 9.992479e-01 3.742650e-02 -1.442704e+00 3.238077e-02 -3.708106e-02 9.987869e-01 7.157543e+01
9.994476e-01 1.040089e-02 -3.156391e-02 8.813432e+00 -9.268699e-03 9.993157e-01 3.580630e-02 -1.465149e+00 3.191474e-02 -3.549398e-02 9.988596e-01 7.213931e+01
9.995388e-01 8.686449e-03 -2.909717e-02 8.737708e+00 -7.738434e-03 9.994405e-01 3.253651e-02 -1.466361e+00 2.936354e-02 -3.229635e-02 9.990463e-01 7.342789e+01
9.995699e-01 9.020009e-03 -2.790356e-02 8.802571e+00 -8.178959e-03 9.995131e-01 3.010983e-02 -1.471768e+00 2.816158e-02 -2.986868e-02 9.991564e-01 7.402805e+01
9.996243e-01 9.090168e-03 -2.585632e-02 8.680060e+00 -8.317491e-03 9.995201e-01 2.983553e-02 -1.502889e+00 2.611515e-02 -2.960927e-02 9.992197e-01 7.553787e+01
9.996457e-01 9.236740e-03 -2.496324e-02 8.566392e+00 -8.477234e-03 9.995029e-01 3.036127e-02 -1.478295e+00 2.523129e-02 -3.013891e-02 9.992266e-01 7.683511e+01
9.995946e-01 9.538625e-03 -2.682514e-02 8.626190e+00 -8.657016e-03 9.994246e-01 3.279119e-02 -1.524876e+00 2.712251e-02 -3.254569e-02 9.991015e-01 7.838945e+01
9.995604e-01 8.707362e-03 -2.833975e-02 8.579844e+00 -7.723032e-03 9.993693e-01 3.465910e-02 -1.540946e+00 2.862369e-02 -3.442501e-02 9.989966e-01 7.988125e+01
9.994255e-01 9.399311e-03 -3.256353e-02 8.771439e+00 -8.249112e-03 9.993434e-01 3.527764e-02 -1.490406e+00 3.287375e-02 -3.498876e-02 9.988462e-01 8.142435e+01
9.993162e-01 9.507278e-03 -3.573141e-02 8.754735e+00 -8.209652e-03 9.993075e-01 3.628892e-02 -1.502921e+00 3.605169e-02 -3.597078e-02 9.987016e-01 8.303416e+01
9.990784e-01 1.071534e-02 -4.156407e-02 9.094184e+00 -9.208954e-03 9.992996e-01 3.626618e-02 -1.486294e+00 4.192358e-02 -3.585001e-02 9.984767e-01 8.398821e+01
9.986750e-01 1.270153e-02 -4.987072e-02 9.610817e+00 -1.091277e-02 9.992929e-01 3.597783e-02 -1.484473e+00 5.029244e-02 -3.538595e-02 9.981067e-01 8.545092e+01
9.983194e-01 1.372110e-02 -5.630409e-02 9.796947e+00 -1.166949e-02 9.992615e-01 3.660651e-02 -1.504181e+00 5.676480e-02 -3.588796e-02 9.977416e-01 8.729841e+01
9.978251e-01 1.550139e-02 -6.406929e-02 1.014679e+01 -1.311018e-02 9.992076e-01 3.757551e-02 -1.484418e+00 6.460100e-02 -3.665384e-02 9.972370e-01 8.924990e+01
9.972385e-01 1.640379e-02 -7.243226e-02 1.064157e+01 -1.361896e-02 9.991549e-01 3.877525e-02 -1.506647e+00 7.300712e-02 -3.768174e-02 9.966186e-01 9.019897e+01
9.968230e-01 1.724199e-02 -7.776002e-02 1.082030e+01 -1.418205e-02 9.991094e-01 3.973300e-02 -1.506695e+00 7.837585e-02 -3.850399e-02 9.961793e-01 9.044326e+01
9.965609e-01 1.803109e-02 -8.087812e-02 1.050159e+01 -1.487585e-02 9.991106e-01 3.944662e-02 -1.443416e+00 8.151747e-02 -3.810785e-02 9.959424e-01 9.196187e+01
9.962938e-01 1.873195e-02 -8.395109e-02 1.021297e+01 -1.542870e-02 9.990872e-01 3.982487e-02 -1.408381e+00 8.462047e-02 -3.838203e-02 9.956730e-01 9.276414e+01
9.955863e-01 1.934404e-02 -9.183618e-02 1.038957e+01 -1.571088e-02 9.990710e-01 4.012078e-02 -1.439761e+00 9.252697e-02 -3.850089e-02 9.949647e-01 9.440153e+01
9.951414e-01 2.050967e-02 -9.629621e-02 1.022883e+01 -1.675786e-02 9.990744e-01 3.960951e-02 -1.409004e+00 9.701946e-02 -3.780337e-02 9.945635e-01 9.576140e+01
9.948415e-01 2.271812e-02 -9.886567e-02 9.944343e+00 -1.889667e-02 9.990438e-01 3.941923e-02 -1.374517e+00 9.966667e-02 -3.734767e-02 9.943190e-01 9.776070e+01
9.945208e-01 2.498580e-02 -1.015102e-01 9.864129e+00 -2.108303e-02 9.990032e-01 3.933982e-02 -1.326120e+00 1.023919e-01 -3.698414e-02 9.940556e-01 9.900548e+01
9.943180e-01 2.648815e-02 -1.031034e-01 9.769602e+00 -2.255607e-02 9.989797e-01 3.911818e-02 -1.285511e+00 1.040344e-01 -3.657032e-02 9.939004e-01 1.001602e+02
9.941532e-01 2.882621e-02 -1.040606e-01 9.556466e+00 -2.482718e-02 9.989099e-01 3.952275e-02 -1.288370e+00 1.050865e-01 -3.670815e-02 9.937847e-01 1.018221e+02
9.940891e-01 3.032393e-02 -1.042468e-01 9.259394e+00 -2.619447e-02 9.988254e-01 4.075591e-02 -1.310666e+00 1.053603e-01 -3.778433e-02 9.937153e-01 1.036280e+02
9.937040e-01 3.140600e-02 -1.075468e-01 9.311212e+00 -2.708398e-02 9.987745e-01 4.141512e-02 -1.338130e+00 1.087158e-01 -3.824158e-02 9.933364e-01 1.062344e+02
9.936806e-01 3.509099e-02 -1.066199e-01 8.942558e+00 -3.066663e-02 9.986101e-01 4.285682e-02 -1.229887e+00 1.079757e-01 -3.931633e-02 9.933751e-01 1.071810e+02
9.934713e-01 3.696373e-02 -1.079298e-01 8.917556e+00 -3.219792e-02 9.984418e-01 4.557069e-02 -1.131411e+00 1.094461e-01 -4.179807e-02 9.931128e-01 1.083738e+02
9.933794e-01 3.661598e-02 -1.088891e-01 8.854108e+00 -3.181883e-02 9.984584e-01 4.547167e-02 -1.119344e+00 1.103863e-01 -4.170591e-02 9.930126e-01 1.097442e+02
9.939427e-01 3.523356e-02 -1.040996e-01 7.993772e+00 -3.090272e-02 9.985998e-01 4.292723e-02 -1.010074e+00 1.054664e-01 -3.945026e-02 9.936393e-01 1.124847e+02
9.941178e-01 3.081245e-02 -1.038298e-01 7.584206e+00 -2.640613e-02 9.987019e-01 4.354882e-02 -9.269927e-01 1.050369e-01 -4.055093e-02 9.936405e-01 1.143226e+02
9.940820e-01 2.811976e-02 -1.049312e-01 7.358268e+00 -2.338289e-02 9.986627e-01 4.610313e-02 -9.911870e-01 1.060873e-01 -4.337670e-02 9.934095e-01 1.162486e+02
9.938244e-01 2.499036e-02 -1.081153e-01 7.502268e+00 -1.969101e-02 9.985643e-01 4.980883e-02 -1.161794e+00 1.092049e-01 -4.737233e-02 9.928890e-01 1.177918e+02
9.935610e-01 2.326888e-02 -1.108846e-01 7.576718e+00 -1.763060e-02 9.985139e-01 5.156032e-02 -1.157621e+00 1.119196e-01 -4.927336e-02 9.924942e-01 1.188407e+02
9.938227e-01 2.019689e-02 -1.091281e-01 7.181706e+00 -1.482280e-02 9.986471e-01 4.983455e-02 -1.109965e+00 1.099870e-01 -4.790912e-02 9.927769e-01 1.207045e+02
9.936013e-01 1.968213e-02 -1.112181e-01 7.193668e+00 -1.418936e-02 9.986498e-01 4.996495e-02 -1.144469e+00 1.120513e-01 -4.806712e-02 9.925384e-01 1.219632e+02
9.936672e-01 2.111175e-02 -1.103631e-01 6.864885e+00 -1.558570e-02 9.985921e-01 5.069670e-02 -1.215173e+00 1.112780e-01 -4.865557e-02 9.925967e-01 1.238892e+02
9.937798e-01 2.558686e-02 -1.083851e-01 6.668309e+00 -2.003604e-02 9.984459e-01 5.199700e-02 -1.276100e+00 1.095471e-01 -4.950196e-02 9.927474e-01 1.242340e+02
9.939912e-01 2.771142e-02 -1.058958e-01 6.227465e+00 -2.208940e-02 9.983017e-01 5.389930e-02 -1.219817e+00 1.072096e-01 -5.123625e-02 9.929146e-01 1.252880e+02
9.932247e-01 3.155832e-02 -1.118439e-01 6.919957e+00 -2.532833e-02 9.980700e-01 5.669247e-02 -1.318441e+00 1.134172e-01 -5.347553e-02 9.921065e-01 1.262367e+02
9.929096e-01 3.133617e-02 -1.146687e-01 7.077188e+00 -2.502318e-02 9.981120e-01 5.608569e-02 -1.412262e+00 1.162098e-01 -5.281864e-02 9.918184e-01 1.284382e+02
9.933112e-01 3.175552e-02 -1.110167e-01 6.490034e+00 -2.588096e-02 9.982072e-01 5.396268e-02 -1.305130e+00 1.125313e-01 -5.072851e-02 9.923515e-01 1.287150e+02
9.934378e-01 3.343849e-02 -1.093776e-01 6.109603e+00 -2.795769e-02 9.982933e-01 5.126467e-02 -1.223505e+00 1.109052e-01 -4.787031e-02 9.926766e-01 1.308180e+02
9.935344e-01 3.280995e-02 -1.086883e-01 5.880968e+00 -2.778517e-02 9.984878e-01 4.742762e-02 -1.176244e+00 1.100801e-01 -4.410105e-02 9.929430e-01 1.316777e+02
9.934670e-01 3.403579e-02 -1.089278e-01 5.730724e+00 -2.930462e-02 9.985682e-01 4.474432e-02 -1.189833e+00 1.102948e-01 -4.125991e-02 9.930413e-01 1.332883e+02
9.932392e-01 3.695161e-02 -1.100499e-01 5.692679e+00 -3.221519e-02 9.984890e-01 4.451082e-02 -1.216648e+00 1.115284e-01 -4.066461e-02 9.929281e-01 1.344426e+02
9.931793e-01 3.705582e-02 -1.105533e-01 5.607602e+00 -3.217885e-02 9.984421e-01 4.557749e-02 -1.222771e+00 1.120700e-01 -4.170915e-02 9.928237e-01 1.348797e+02
9.931543e-01 3.758411e-02 -1.105998e-01 5.415683e+00 -3.262879e-02 9.983952e-01 4.627836e-02 -1.233291e+00 1.121617e-01 -4.235281e-02 9.927861e-01 1.365638e+02
9.926878e-01 3.890939e-02 -1.142684e-01 5.646475e+00 -3.360017e-02 9.982804e-01 4.802734e-02 -1.233340e+00 1.159407e-01 -4.383672e-02 9.922874e-01 1.371216e+02
9.924176e-01 3.930893e-02 -1.164578e-01 5.649733e+00 -3.384279e-02 9.982470e-01 4.854849e-02 -1.185452e+00 1.181621e-01 -4.423912e-02 9.920074e-01 1.381956e+02
9.919847e-01 3.893215e-02 -1.202119e-01 5.789472e+00 -3.323054e-02 9.982417e-01 4.907601e-02 -1.243063e+00 1.219112e-01 -4.468795e-02 9.915336e-01 1.398594e+02
9.919178e-01 3.938863e-02 -1.206145e-01 5.603812e+00 -3.361940e-02 9.982077e-01 4.949953e-02 -1.169162e+00 1.223481e-01 -4.504447e-02 9.914636e-01 1.398845e+02
9.914134e-01 3.800394e-02 -1.251217e-01 5.697436e+00 -3.177280e-02 9.981709e-01 5.142555e-02 -1.227456e+00 1.268473e-01 -4.700850e-02 9.908068e-01 1.423705e+02
9.909356e-01 3.830267e-02 -1.287629e-01 5.693942e+00 -3.168679e-02 9.980890e-01 5.304253e-02 -1.308591e+00 1.305486e-01 -4.848164e-02 9.902549e-01 1.448046e+02
9.903765e-01 3.883519e-02 -1.328402e-01 5.882998e+00 -3.206988e-02 9.980952e-01 5.269465e-02 -1.303342e+00 1.346337e-01 -4.792737e-02 9.897347e-01 1.452764e+02
9.904965e-01 3.796407e-02 -1.321950e-01 5.435019e+00 -3.127432e-02 9.981402e-01 5.231937e-02 -1.372651e+00 1.339355e-01 -4.768784e-02 9.898410e-01 1.474399e+02
9.900186e-01 3.904272e-02 -1.354216e-01 5.546260e+00 -3.213154e-02 9.980850e-01 5.285073e-02 -1.358144e+00 1.372257e-01 -4.797191e-02 9.893765e-01 1.481338e+02
9.902343e-01 3.792768e-02 -1.341557e-01 5.091906e+00 -3.118328e-02 9.981586e-01 5.202225e-02 -1.299312e+00 1.358819e-01 -4.733080e-02 9.895928e-01 1.491348e+02
9.898270e-01 3.866950e-02 -1.369211e-01 5.072790e+00 -3.189304e-02 9.981713e-01 5.134483e-02 -1.288032e+00 1.386563e-01 -4.645566e-02 9.892493e-01 1.506422e+02
9.891540e-01 3.939523e-02 -1.415008e-01 5.324901e+00 -3.211602e-02 9.980582e-01 5.336392e-02 -1.416414e+00 1.433284e-01 -4.824070e-02 9.884977e-01 1.518099e+02
9.892382e-01 3.919318e-02 -1.409677e-01 4.931494e+00 -3.161513e-02 9.979520e-01 5.560144e-02 -1.464857e+00 1.428583e-01 -5.054635e-02 9.884506e-01 1.538000e+02
9.889909e-01 4.143890e-02 -1.420567e-01 4.806636e+00 -3.375283e-02 9.978544e-01 5.609548e-02 -1.398321e+00 1.440765e-01 -5.068310e-02 9.882668e-01 1.553235e+02
9.883004e-01 4.480179e-02 -1.457917e-01 4.911525e+00 -3.701776e-02 9.977622e-01 5.567434e-02 -1.259820e+00 1.479598e-01 -4.962609e-02 9.877465e-01 1.568953e+02
9.883596e-01 4.692587e-02 -1.447184e-01 4.695407e+00 -3.900960e-02 9.976078e-01 5.706316e-02 -1.262929e+00 1.470501e-01 -5.075351e-02 9.878250e-01 1.575645e+02
9.879810e-01 4.717829e-02 -1.472003e-01 4.692753e+00 -3.911550e-02 9.975960e-01 5.719752e-02 -1.275661e+00 1.495450e-01 -5.075224e-02 9.874505e-01 1.588566e+02
9.879526e-01 4.845767e-02 -1.469746e-01 4.458081e+00 -4.047843e-02 9.975640e-01 5.680462e-02 -1.199039e+00 1.493693e-01 -5.017097e-02 9.875067e-01 1.599555e+02
9.880049e-01 4.894627e-02 -1.464601e-01 4.161609e+00 -4.084406e-02 9.974904e-01 5.782653e-02 -1.189132e+00 1.489230e-01 -5.115086e-02 9.875239e-01 1.614379e+02
9.877821e-01 4.828389e-02 -1.481730e-01 4.038918e+00 -4.013745e-02 9.975387e-01 5.748668e-02 -1.188985e+00 1.505841e-01 -5.083702e-02 9.872882e-01 1.630084e+02
9.875952e-01 4.602183e-02 -1.501259e-01 3.985028e+00 -3.783088e-02 9.976586e-01 5.696867e-02 -1.201794e+00 1.523963e-01 -5.058258e-02 9.870232e-01 1.637553e+02
9.875110e-01 4.434248e-02 -1.511814e-01 3.865711e+00 -3.598439e-02 9.976917e-01 5.758074e-02 -1.194582e+00 1.533858e-01 -5.142144e-02 9.868265e-01 1.645942e+02
9.870683e-01 4.582718e-02 -1.536103e-01 3.734617e+00 -3.656988e-02 9.973705e-01 6.255902e-02 -1.277454e+00 1.560734e-01 -5.613250e-02 9.861482e-01 1.669263e+02
9.869201e-01 4.685733e-02 -1.542501e-01 3.535661e+00 -3.683161e-02 9.970572e-01 6.722580e-02 -1.244223e+00 1.569463e-01 -6.066521e-02 9.857411e-01 1.685635e+02
9.858504e-01 4.885133e-02 -1.603516e-01 4.114299e+00 -3.844028e-02 9.969847e-01 6.739985e-02 -1.281489e+00 1.631608e-01 -6.028220e-02 9.847551e-01 1.693730e+02
9.862684e-01 4.915480e-02 -1.576658e-01 3.467741e+00 -3.946133e-02 9.971666e-01 6.403461e-02 -1.176856e+00 1.603668e-01 -5.693361e-02 9.854131e-01 1.711401e+02
9.857196e-01 5.101921e-02 -1.604801e-01 3.876292e+00 -4.141638e-02 9.971768e-01 6.262605e-02 -1.164589e+00 1.632223e-01 -5.508521e-02 9.850493e-01 1.707020e+02
9.860319e-01 5.172604e-02 -1.583207e-01 3.487469e+00 -4.214845e-02 9.971055e-01 6.326788e-02 -1.139202e+00 1.611352e-01 -5.571117e-02 9.853577e-01 1.716430e+02
9.853998e-01 5.227862e-02 -1.620315e-01 3.526875e+00 -4.220344e-02 9.969910e-01 6.501236e-02 -1.128583e+00 1.649428e-01 -5.722486e-02 9.846407e-01 1.735862e+02
9.860005e-01 5.300704e-02 -1.580931e-01 3.013612e+00 -4.277956e-02 9.968072e-01 6.741054e-02 -1.112096e+00 1.611617e-01 -5.970365e-02 9.851195e-01 1.742807e+02
9.861637e-01 5.302928e-02 -1.570645e-01 2.901864e+00 -4.265870e-02 9.967257e-01 6.868006e-02 -1.092493e+00 1.601924e-01 -6.102959e-02 9.851964e-01 1.747793e+02
9.859181e-01 5.410091e-02 -1.582362e-01 2.832374e+00 -4.357219e-02 9.966455e-01 6.926881e-02 -1.098135e+00 1.614530e-01 -6.139864e-02 9.849676e-01 1.762166e+02
9.855883e-01 5.772641e-02 -1.590079e-01 2.790316e+00 -4.721048e-02 9.964887e-01 6.913892e-02 -1.161402e+00 1.624408e-01 -6.063564e-02 9.848524e-01 1.776702e+02
9.846451e-01 6.223458e-02 -1.630986e-01 2.902850e+00 -5.137570e-02 9.962243e-01 6.997479e-02 -1.314115e+00 1.668377e-01 -6.052099e-02 9.841241e-01 1.796646e+02
9.848350e-01 6.217216e-02 -1.619716e-01 2.805408e+00 -5.127732e-02 9.961852e-01 7.060067e-02 -1.346209e+00 1.657432e-01 -6.122452e-02 9.842655e-01 1.800150e+02
9.848391e-01 6.330330e-02 -1.615082e-01 2.666160e+00 -5.218573e-02 9.960251e-01 7.217682e-02 -1.358451e+00 1.654353e-01 -6.265412e-02 9.842273e-01 1.810064e+02
9.855406e-01 6.259925e-02 -1.574527e-01 2.183074e+00 -5.153804e-02 9.959707e-01 7.338208e-02 -1.239347e+00 1.614120e-01 -6.420618e-02 9.847952e-01 1.821120e+02
9.855075e-01 6.371094e-02 -1.572133e-01 1.958592e+00 -5.260353e-02 9.958818e-01 7.383220e-02 -1.181880e+00 1.612699e-01 -6.449218e-02 9.847997e-01 1.836585e+02
9.853601e-01 6.436194e-02 -1.578703e-01 1.932600e+00 -5.296616e-02 9.957479e-01 7.536277e-02 -1.212355e+00 1.620496e-01 -6.589767e-02 9.845787e-01 1.841414e+02
9.848099e-01 6.648324e-02 -1.604038e-01 2.008260e+00 -5.475480e-02 9.955670e-01 7.646617e-02 -1.239925e+00 1.647765e-01 -6.652176e-02 9.840840e-01 1.857865e+02
9.842588e-01 6.678709e-02 -1.636281e-01 2.189157e+00 -5.463690e-02 9.954805e-01 7.766649e-02 -1.264413e+00 1.680758e-01 -6.750378e-02 9.834589e-01 1.871572e+02
9.845568e-01 6.793360e-02 -1.613476e-01 1.762552e+00 -5.588296e-02 9.953783e-01 7.809046e-02 -1.227375e+00 1.659069e-01 -6.786790e-02 9.838021e-01 1.886938e+02
9.845611e-01 6.848311e-02 -1.610882e-01 1.696810e+00 -5.630297e-02 9.952826e-01 7.900236e-02 -1.206827e+00 1.657387e-01 -6.871290e-02 9.837718e-01 1.892327e+02
9.842397e-01 6.824564e-02 -1.631401e-01 1.741248e+00 -5.581455e-02 9.952618e-01 7.960895e-02 -1.183885e+00 1.678001e-01 -6.924869e-02 9.833847e-01 1.900557e+02
9.834822e-01 6.882777e-02 -1.674078e-01 1.934474e+00 -5.582519e-02 9.951344e-01 8.117799e-02 -1.158194e+00 1.721806e-01 -7.049154e-02 9.825388e-01 1.905934e+02
9.834781e-01 6.865842e-02 -1.675016e-01 1.767817e+00 -5.539862e-02 9.950417e-01 8.259434e-02 -1.105963e+00 1.723420e-01 -7.195036e-02 9.824048e-01 1.912184e+02
9.834241e-01 6.924444e-02 -1.675775e-01 1.395916e+00 -5.585739e-02 9.949550e-01 8.332636e-02 -1.085616e+00 1.725020e-01 -7.258471e-02 9.823300e-01 1.931521e+02
9.824192e-01 7.099047e-02 -1.726636e-01 1.535631e+00 -5.724552e-02 9.948760e-01 8.332757e-02 -1.098976e+00 1.776944e-01 -7.197839e-02 9.814487e-01 1.950017e+02
9.819797e-01 7.144940e-02 -1.749593e-01 1.498281e+00 -5.745948e-02 9.948268e-01 8.376665e-02 -1.080633e+00 1.800393e-01 -7.220407e-02 9.810047e-01 1.958927e+02
9.821842e-01 7.145360e-02 -1.738055e-01 1.196606e+00 -5.748318e-02 9.947945e-01 8.413196e-02 -1.026032e+00 1.789124e-01 -7.264220e-02 9.811785e-01 1.964119e+02
9.813858e-01 7.175487e-02 -1.781379e-01 1.276737e+00 -5.726000e-02 9.947145e-01 8.522318e-02 -1.022283e+00 1.833116e-01 -7.343664e-02 9.803069e-01 1.971330e+02
9.814137e-01 7.129728e-02 -1.781679e-01 9.774241e-01 -5.654363e-02 9.946399e-01 8.656134e-02 -9.895547e-01 1.833845e-01 -7.487822e-02 9.801842e-01 1.984409e+02
9.799841e-01 7.170131e-02 -1.857151e-01 1.270790e+00 -5.585035e-02 9.944437e-01 8.922527e-02 -9.831747e-01 1.910808e-01 -7.706708e-02 9.785430e-01 1.992726e+02
9.796600e-01 7.285310e-02 -1.869725e-01 9.991126e-01 -5.653702e-02 9.942288e-01 9.116638e-02 -9.011761e-01 1.925352e-01 -7.874117e-02 9.781246e-01 2.000343e+02
9.788219e-01 7.343902e-02 -1.910871e-01 9.040373e-01 -5.668157e-02 9.941682e-01 9.173613e-02 -8.382779e-01 1.967098e-01 -7.896221e-02 9.772757e-01 2.010751e+02
9.773581e-01 7.428110e-02 -1.981248e-01 1.082371e+00 -5.678106e-02 9.940825e-01 9.259888e-02 -8.557099e-01 2.038308e-01 -7.925252e-02 9.757918e-01 2.018712e+02
9.764222e-01 7.431553e-02 -2.026741e-01 9.751729e-01 -5.614331e-02 9.939883e-01 9.398938e-02 -8.569527e-01 2.084406e-01 -8.039451e-02 9.747241e-01 2.029413e+02
9.756887e-01 7.491331e-02 -2.059598e-01 7.323132e-01 -5.628625e-02 9.938970e-01 9.486445e-02 -7.833451e-01 2.118095e-01 -8.096545e-02 9.739503e-01 2.038753e+02
9.744745e-01 7.570445e-02 -2.113481e-01 6.342837e-01 -5.655153e-02 9.938453e-01 9.524807e-02 -7.285812e-01 2.172580e-01 -8.086476e-02 9.727578e-01 2.054128e+02
9.726493e-01 7.625999e-02 -2.194030e-01 8.285372e-01 -5.634689e-02 9.938196e-01 9.563649e-02 -7.063622e-01 2.253402e-01 -8.065808e-02 9.709346e-01 2.064832e+02
9.712026e-01 7.693977e-02 -2.254896e-01 8.291067e-01 -5.644684e-02 9.937819e-01 9.596908e-02 -6.888149e-01 2.314714e-01 -8.047724e-02 9.695063e-01 2.076356e+02
9.696065e-01 7.951707e-02 -2.313873e-01 8.313199e-01 -5.837227e-02 9.935855e-01 9.684578e-02 -6.645509e-01 2.376040e-01 -8.039569e-02 9.680284e-01 2.086358e+02
9.683982e-01 8.028629e-02 -2.361333e-01 5.831372e-01 -5.873623e-02 9.935557e-01 9.693193e-02 -6.052997e-01 2.423939e-01 -7.999912e-02 9.668729e-01 2.102842e+02
9.680445e-01 8.182219e-02 -2.370544e-01 1.585493e-01 -6.011299e-02 9.934263e-01 9.741335e-02 -5.392646e-01 2.434667e-01 -8.005041e-02 9.665991e-01 2.110556e+02
9.671562e-01 8.309791e-02 -2.402153e-01 3.697361e-02 -6.082472e-02 9.932554e-01 9.870497e-02 -4.973247e-01 2.467974e-01 -8.085211e-02 9.656873e-01 2.121788e+02
9.648095e-01 8.468293e-02 -2.489400e-01 3.646318e-01 -6.105845e-02 9.929953e-01 1.011487e-01 -5.232278e-01 2.557618e-01 -8.238937e-02 9.632215e-01 2.139905e+02
9.640527e-01 8.535475e-02 -2.516280e-01 4.092977e-01 -6.075614e-02 9.927225e-01 1.039687e-01 -5.785046e-01 2.586711e-01 -8.494332e-02 9.622222e-01 2.147271e+02
9.631680e-01 8.519072e-02 -2.550481e-01 5.000939e-01 -5.998414e-02 9.926566e-01 1.050402e-01 -6.192692e-01 2.621237e-01 -8.587252e-02 9.612049e-01 2.154402e+02
9.628137e-01 8.627603e-02 -2.560191e-01 3.641543e-01 -6.141770e-02 9.927239e-01 1.035644e-01 -5.725302e-01 2.630915e-01 -8.398913e-02 9.611070e-01 2.161764e+02
9.623847e-01 8.603103e-02 -2.577092e-01 2.695451e-01 -6.128056e-02 9.928333e-01 1.025924e-01 -5.714968e-01 2.646885e-01 -8.294076e-02 9.607594e-01 2.171404e+02
9.621927e-01 8.628216e-02 -2.583415e-01 3.574140e-01 -6.185348e-02 9.929354e-01 1.012522e-01 -5.299013e-01 2.652528e-01 -8.144478e-02 9.607318e-01 2.172274e+02
9.625078e-01 8.691167e-02 -2.569528e-01 1.176853e-01 -6.274293e-02 9.929236e-01 1.008204e-01 -4.543843e-01 2.638970e-01 -8.091845e-02 9.611496e-01 2.180852e+02
9.629216e-01 8.720233e-02 -2.552986e-01 -1.387442e-01 -6.311125e-02 9.928722e-01 1.010956e-01 -3.997902e-01 2.622948e-01 -8.123495e-02 9.615614e-01 2.190717e+02
9.631818e-01 8.723541e-02 -2.543038e-01 -2.603347e-01 -6.320486e-02 9.928561e-01 1.011955e-01 -3.596154e-01 2.613150e-01 -8.139645e-02 9.618145e-01 2.196580e+02
9.637243e-01 8.759926e-02 -2.521139e-01 -5.304989e-01 -6.377880e-02 9.928224e-01 1.011659e-01 -3.186440e-01 2.591664e-01 -8.141646e-02 9.623940e-01 2.204822e+02
9.639528e-01 8.744012e-02 -2.512944e-01 -7.127984e-01 -6.394273e-02 9.929088e-01 1.002103e-01 -2.584270e-01 2.582749e-01 -8.052950e-02 9.627083e-01 2.212430e+02
9.643589e-01 8.771510e-02 -2.496347e-01 -8.909521e-01 -6.448215e-02 9.929167e-01 9.978517e-02 -1.533948e-01 2.566192e-01 -8.013173e-02 9.631841e-01 2.221023e+02
9.644518e-01 8.799580e-02 -2.491767e-01 -8.764858e-01 -6.461967e-02 9.928355e-01 1.005021e-01 -1.244669e-01 2.562353e-01 -8.082767e-02 9.632282e-01 2.229183e+02
9.654309e-01 8.713099e-02 -2.456640e-01 -1.206046e+00 -6.406458e-02 9.928833e-01 1.003849e-01 -3.164502e-02 2.526624e-01 -8.117628e-02 9.641423e-01 2.238425e+02
9.660684e-01 8.700477e-02 -2.431899e-01 -1.326284e+00 -6.424168e-02 9.929079e-01 1.000280e-01 4.958497e-02 2.501682e-01 -8.101097e-02 9.648063e-01 2.245456e+02
9.674006e-01 8.634190e-02 -2.380767e-01 -1.755440e+00 -6.411663e-02 9.929610e-01 9.957971e-02 1.103387e-01 2.449989e-01 -8.106877e-02 9.661270e-01 2.253531e+02
9.683298e-01 8.651183e-02 -2.342056e-01 -2.082757e+00 -6.469281e-02 9.929511e-01 9.930580e-02 2.003424e-01 2.411460e-01 -8.100934e-02 9.671010e-01 2.264573e+02
9.689606e-01 8.772635e-02 -2.311246e-01 -2.132849e+00 -6.634361e-02 9.928995e-01 9.873047e-02 2.127820e-01 2.381449e-01 -8.033230e-02 9.679008e-01 2.267947e+02
9.692988e-01 8.841222e-02 -2.294391e-01 -2.194366e+00 -6.736762e-02 9.929028e-01 9.800122e-02 2.749554e-01 2.364753e-01 -7.953571e-02 9.683757e-01 2.276996e+02
9.703931e-01 8.897637e-02 -2.245435e-01 -2.499239e+00 -6.832226e-02 9.928231e-01 9.814706e-02 3.701690e-01 2.316649e-01 -7.989990e-02 9.695079e-01 2.282048e+02
9.707955e-01 9.005900e-02 -2.223615e-01 -2.508182e+00 -6.945854e-02 9.926794e-01 9.880130e-02 3.880512e-01 2.296318e-01 -8.047096e-02 9.699442e-01 2.284593e+02
9.715173e-01 8.941001e-02 -2.194521e-01 -2.802628e+00 -6.914979e-02 9.927465e-01 9.834129e-02 4.603710e-01 2.266531e-01 -8.036520e-02 9.706534e-01 2.292447e+02
9.713844e-01 9.051587e-02 -2.195866e-01 -2.479202e+00 -7.050923e-02 9.927524e-01 9.731113e-02 4.010984e-01 2.268035e-01 -7.904365e-02 9.707267e-01 2.292109e+02
9.707189e-01 9.224868e-02 -2.217970e-01 -1.489213e+00 -7.238762e-02 9.927370e-01 9.608141e-02 1.911649e-01 2.290496e-01 -7.721271e-02 9.703466e-01 2.276423e+02
9.703853e-01 8.594289e-02 -2.257549e-01 -1.354292e+00 -6.606941e-02 9.933605e-01 9.417040e-02 3.640378e-01 2.323494e-01 -7.646610e-02 9.696210e-01 2.292246e+02
9.701296e-01 8.621863e-02 -2.267464e-01 -1.083463e+00 -6.630791e-02 9.933589e-01 9.402006e-02 3.405211e-01 2.333470e-01 -7.617658e-02 9.694042e-01 2.291227e+02
9.691485e-01 8.745483e-02 -2.304385e-01 -7.623485e-01 -6.719590e-02 9.932674e-01 9.435560e-02 2.861651e-01 2.371391e-01 -7.596008e-02 9.685006e-01 2.300638e+02
9.691070e-01 8.872449e-02 -2.301273e-01 -1.238360e+00 -6.855718e-02 9.931880e-01 9.421212e-02 4.001392e-01 2.369187e-01 -7.552477e-02 9.685885e-01 2.315119e+02
9.694330e-01 8.954088e-02 -2.284323e-01 -1.179967e+00 -6.954323e-02 9.931249e-01 9.415358e-02 3.958006e-01 2.352925e-01 -7.538970e-02 9.689954e-01 2.312863e+02
9.697047e-01 8.863240e-02 -2.276316e-01 -1.456126e+00 -6.898894e-02 9.932852e-01 9.286183e-02 4.535109e-01 2.343338e-01 -7.434452e-02 9.693084e-01 2.322452e+02
9.696273e-01 8.554784e-02 -2.291366e-01 -9.079548e-01 -6.604154e-02 9.936120e-01 9.149835e-02 3.620829e-01 2.355005e-01 -7.358679e-02 9.690835e-01 2.316630e+02
9.704283e-01 8.203921e-02 -2.270186e-01 -1.221935e+00 -6.280222e-02 9.938942e-01 9.071140e-02 4.284957e-01 2.330744e-01 -7.377169e-02 9.696558e-01 2.322701e+02
9.702616e-01 8.628548e-02 -2.261556e-01 -1.471286e+00 -6.621729e-02 9.932831e-01 9.488044e-02 4.792998e-01 2.328234e-01 -7.708347e-02 9.694585e-01 2.333006e+02
9.689166e-01 9.404030e-02 -2.288146e-01 -1.560324e+00 -7.229792e-02 9.921905e-01 1.016332e-01 4.925624e-01 2.365855e-01 -8.193129e-02 9.681492e-01 2.351815e+02
9.693360e-01 9.451026e-02 -2.268361e-01 -1.637696e+00 -7.213205e-02 9.918510e-01 1.050090e-01 5.286911e-01 2.349121e-01 -8.542686e-02 9.682545e-01 2.354519e+02
9.705841e-01 9.379050e-02 -2.217410e-01 -1.765273e+00 -7.241643e-02 9.920775e-01 1.026474e-01 5.275283e-01 2.296118e-01 -8.357026e-02 9.696869e-01 2.349632e+02
9.707590e-01 9.290392e-02 -2.213481e-01 -1.570930e+00 -7.296341e-02 9.926409e-01 9.663639e-02 5.537449e-01 2.286972e-01 -7.766037e-02 9.703940e-01 2.357280e+02
9.716730e-01 9.397981e-02 -2.168375e-01 -1.877324e+00 -7.527515e-02 9.928174e-01 9.298155e-02 6.356595e-01 2.240185e-01 -7.402522e-02 9.717684e-01 2.365523e+02
9.718417e-01 9.991055e-02 -2.134028e-01 -2.514473e+00 -8.132494e-02 9.922269e-01 9.418293e-02 5.828009e-01 2.211540e-01 -7.417598e-02 9.724128e-01 2.384568e+02
9.717990e-01 1.022211e-01 -2.125012e-01 -2.510801e+00 -8.309403e-02 9.917998e-01 9.709193e-02 5.383273e-01 2.206836e-01 -7.669629e-02 9.723241e-01 2.396088e+02
9.724103e-01 1.009692e-01 -2.102914e-01 -2.336586e+00 -8.130354e-02 9.916421e-01 1.001697e-01 5.431781e-01 2.186480e-01 -8.030863e-02 9.724923e-01 2.398775e+02
9.737821e-01 9.977543e-02 -2.044316e-01 -2.434283e+00 -8.034654e-02 9.916106e-01 1.012479e-01 5.558776e-01 2.128188e-01 -8.216809e-02 9.736294e-01 2.396065e+02
9.738984e-01 1.015125e-01 -2.030177e-01 -2.557866e+00 -8.204538e-02 9.913813e-01 1.021273e-01 5.872105e-01 2.116353e-01 -8.280502e-02 9.738333e-01 2.410597e+02
9.739965e-01 1.060258e-01 -2.002212e-01 -3.319338e+00 -8.723935e-02 9.911093e-01 1.004501e-01 6.761979e-01 2.090915e-01 -8.037091e-02 9.745864e-01 2.435278e+02
9.725022e-01 1.086721e-01 -2.059828e-01 -2.199917e+00 -8.950803e-02 9.909321e-01 1.002016e-01 4.120071e-01 2.150043e-01 -7.900926e-02 9.734105e-01 2.435855e+02
9.728029e-01 1.087786e-01 -2.045014e-01 -2.116870e+00 -8.973145e-02 9.909084e-01 1.002366e-01 4.520275e-01 2.135459e-01 -7.916030e-02 9.737192e-01 2.441671e+02
9.728429e-01 1.102696e-01 -2.035101e-01 -2.092076e+00 -9.095838e-02 9.906220e-01 1.019465e-01 5.265766e-01 2.128433e-01 -8.066705e-02 9.737494e-01 2.452099e+02
9.728196e-01 1.124802e-01 -2.024087e-01 -2.059614e+00 -9.284759e-02 9.902298e-01 1.040329e-01 5.360208e-01 2.121329e-01 -8.241218e-02 9.737583e-01 2.462016e+02
9.733368e-01 1.127757e-01 -1.997402e-01 -1.884463e+00 -9.346073e-02 9.902124e-01 1.036499e-01 5.516099e-01 2.094745e-01 -8.221843e-02 9.743500e-01 2.460666e+02
9.736989e-01 1.124057e-01 -1.981783e-01 -2.078912e+00 -9.346031e-02 9.903305e-01 1.025163e-01 6.813587e-01 2.077855e-01 -8.129825e-02 9.747887e-01 2.473321e+02
9.743071e-01 1.104912e-01 -1.962565e-01 -2.182677e+00 -9.175427e-02 9.905279e-01 1.021500e-01 7.329128e-01 2.056843e-01 -8.151819e-02 9.752159e-01 2.482237e+02
9.753445e-01 1.076393e-01 -1.926554e-01 -2.332769e+00 -8.911487e-02 9.907445e-01 1.023859e-01 7.766502e-01 2.018931e-01 -8.269311e-02 9.759090e-01 2.484176e+02
9.757489e-01 1.065224e-01 -1.912232e-01 -2.494630e+00 -8.813561e-02 9.908479e-01 1.022319e-01 8.315803e-01 2.003632e-01 -8.289913e-02 9.762068e-01 2.489930e+02
9.761961e-01 1.063285e-01 -1.890363e-01 -2.763518e+00 -8.801618e-02 9.908018e-01 1.027805e-01 8.105268e-01 1.982261e-01 -8.369575e-02 9.765750e-01 2.495003e+02
9.759179e-01 1.061864e-01 -1.905469e-01 -2.290279e+00 -8.770083e-02 9.908096e-01 1.029752e-01 7.610420e-01 1.997303e-01 -8.378424e-02 9.762609e-01 2.490395e+02
9.758167e-01 1.067350e-01 -1.907585e-01 -2.298595e+00 -8.800712e-02 9.906641e-01 1.041084e-01 7.377089e-01 2.000896e-01 -8.480266e-02 9.760994e-01 2.493740e+02
