1.000000e+00 0.000000e+00 0.000000e+00 0.000000e+00 0.000000e+00 1.000000e+00 0.000000e+00 0.000000e+00 0.000000e+00 0.000000e+00 1.000000e+00 0.000000e+00
9.995372e-01 6.863932e-03 2.963549e-02 -2.166554e-01 -6.898049e-03 9.999757e-01 1.049159e-03 -1.462449e-01 -2.962757e-02 -1.253100e-03 9.995602e-01 8.577532e-01
9.982055e-01 5.960473e-03 5.958430e-02 -4.095061e-01 -5.750000e-03 9.999766e-01 -3.703190e-03 -1.962825e-01 -5.960498e-02 3.353935e-03 9.982164e-01 1.504351e+00
9.952456e-01 9.989876e-03 9.688321e-02 -7.572862e-01 -9.316960e-03 9.999293e-01 -7.395562e-03 -2.388095e-01 -9.695023e-02 6.457744e-03 9.952682e-01 1.758130e+00
9.909765e-01 1.243355e-02 1.334582e-01 -7.372328e-01 -1.105109e-02 9.998774e-01 -1.109455e-02 -2.605971e-01 -1.335797e-01 9.519580e-03 9.909922e-01 2.344293e+00
9.845713e-01 8.127721e-03 1.747952e-01 -7.771892e-01 -5.992547e-03 9.999009e-01 -1.273963e-02 -2.282401e-01 -1.748814e-01 1.149560e-02 9.845223e-01 2.871942e+00
9.745377e-01 6.257482e-03 2.241364e-01 -1.393085e+00 -3.149975e-03 9.998940e-01 -1.421924e-02 -1.744297e-01 -2.242016e-01 1.315116e-02 9.744540e-01 2.831928e+00
9.628011e-01 2.314835e-03 2.702014e-01 -1.378904e+00 2.051168e-03 9.998719e-01 -1.587484e-02 -3.277882e-01 -2.702035e-01 1.583854e-02 9.626728e-01 4.005340e+00
9.496521e-01 -1.839221e-03 3.133012e-01 -1.380051e+00 7.465427e-03 9.998317e-01 -1.675910e-02 -4.450289e-01 -3.132176e-01 1.825424e-02 9.495057e-01 4.953158e+00
9.347091e-01 -5.072525e-03 3.553776e-01 -1.376762e+00 1.182825e-02 9.997882e-01 -1.683988e-02 -3.997378e-01 -3.552170e-01 1.994388e-02 9.345708e-01 4.789407e+00
9.176850e-01 -8.131877e-03 3.972256e-01 -1.179178e+00 1.519407e-02 9.997774e-01 -1.463476e-02 -3.951335e-01 -3.970183e-01 1.946557e-02 9.176040e-01 5.256373e+00
8.984110e-01 -9.908305e-03 4.390439e-01 -9.885871e-01 1.770385e-02 9.997499e-01 -1.366493e-02 -3.323829e-01 -4.387988e-01 2.004949e-02 8.983613e-01 5.777603e+00
8.772150e-01 -1.225315e-02 4.799414e-01 -1.338105e+00 2.041325e-02 9.997222e-01 -1.178698e-02 -6.693023e-02 -4.796637e-01 2.013688e-02 8.772210e-01 4.121729e+00
8.536431e-01 -1.467991e-02 5.206515e-01 -1.324379e+00 2.367696e-02 9.996631e-01 -1.063419e-02 -2.686629e-02 -5.203201e-01 2.140524e-02 8.537028e-01 4.266791e+00
8.301739e-01 -2.220910e-02 5.570621e-01 -1.283931e+00 3.196185e-02 9.994587e-01 -7.785143e-03 -1.051477e-01 -5.565878e-01 2.426776e-02 8.304341e-01 4.526193e+00
8.012216e-01 -2.414177e-02 5.978806e-01 -1.131647e+00 3.390106e-02 9.994123e-01 -5.075716e-03 -2.888086e-01 -5.974067e-01 2.433556e-02 8.015689e-01 5.546225e+00
7.697452e-01 -2.969998e-02 6.376600e-01 -1.321265e+00 4.001404e-02 9.991975e-01 -1.763419e-03 -3.406596e-01 -6.370959e-01 2.687273e-02 7.703156e-01 6.073680e+00
7.354952e-01 -3.085890e-02 6.768270e-01 -1.575113e+00 4.106288e-02 9.991561e-01 9.327524e-04 -3.950998e-01 -6.762846e-01 2.710642e-02 7.361414e-01 6.678302e+00
6.994987e-01 -3.221206e-02 7.139075e-01 -1.541160e+00 4.356642e-02 9.990476e-01 2.390691e-03 -4.662712e-01 -7.133046e-01 2.943011e-02 7.002357e-01 7.385312e+00
6.637412e-01 -3.665156e-02 7.470638e-01 -1.805184e+00 5.054739e-02 9.987133e-01 4.088021e-03 -4.262803e-01 -7.462523e-01 3.504873e-02 6.647396e-01 7.416205e+00
6.248860e-01 -3.885129e-02 7.797487e-01 -1.780543e+00 5.309977e-02 9.985632e-01 7.199975e-03 -6.108317e-01 -7.789080e-01 3.690531e-02 6.260510e-01 8.401524e+00
5.852853e-01 -4.166014e-02 8.097565e-01 -1.829497e+00 5.861936e-02 9.982398e-01 8.987614e-03 -7.063586e-01 -8.087056e-01 4.220708e-02 5.866970e-01 9.013931e+00
5.468916e-01 -4.356709e-02 8.360692e-01 -1.876751e+00 6.592878e-02 9.977848e-01 8.868516e-03 -7.810560e-01 -8.346034e-01 5.027089e-02 5.485523e-01 9.495273e+00
5.082021e-01 -4.713120e-02 8.599473e-01 -2.150281e+00 7.313213e-02 9.972565e-01 1.143789e-02 -8.285908e-01 -8.581271e-01 5.707701e-02 5.102546e-01 9.770866e+00
4.640168e-01 -5.285833e-02 8.842480e-01 -2.381832e+00 7.970406e-02 9.966603e-01 1.775269e-02 -9.519888e-01 -8.822333e-01 6.224060e-02 4.666800e-01 1.027222e+01
4.263960e-01 -5.808420e-02 9.026698e-01 -2.348373e+00 8.663509e-02 9.959706e-01 2.316386e-02 -9.574562e-01 -9.003781e-01 6.832589e-02 4.297098e-01 1.030596e+01
3.852789e-01 -5.939287e-02 9.208869e-01 -2.350096e+00 8.761460e-02 9.957728e-01 2.756664e-02 -1.097129e+00 -9.186314e-01 7.006228e-02 3.888537e-01 1.088816e+01
3.470117e-01 -6.321280e-02 9.357281e-01 -2.782962e+00 8.770498e-02 9.955408e-01 3.472834e-02 -1.179579e+00 -9.337508e-01 7.001686e-02 3.510081e-01 1.115842e+01
3.083926e-01 -6.819030e-02 9.488119e-01 -2.758751e+00 8.961289e-02 9.950741e-01 4.238822e-02 -1.285056e+00 -9.470287e-01 7.195355e-02 3.129841e-01 1.163301e+01
2.712520e-01 -7.147086e-02 9.598511e-01 -2.737428e+00 8.917058e-02 9.948163e-01 4.887496e-02 -1.411459e+00 -9.583688e-01 7.233305e-02 2.762189e-01 1.208780e+01
2.395261e-01 -7.036168e-02 9.683369e-01 -2.033605e+00 8.415700e-02 9.951210e-01 5.149097e-02 -1.490833e+00 -9.672356e-01 6.915890e-02 2.442787e-01 1.236358e+01
2.107410e-01 -6.892943e-02 9.751087e-01 -1.848968e+00 8.341538e-02 9.951404e-01 5.231768e-02 -1.447893e+00 -9.739763e-01 7.031357e-02 2.154666e-01 1.244496e+01
1.810974e-01 -6.968401e-02 9.809933e-01 -1.157381e+00 8.115492e-02 9.951433e-01 5.570746e-02 -1.482857e+00 -9.801109e-01 6.952393e-02 1.858730e-01 1.270341e+01
1.508942e-01 -7.049475e-02 9.860331e-01 -7.308736e-01 7.985636e-02 9.950634e-01 5.891982e-02 -1.473356e+00 -9.853191e-01 6.985033e-02 1.557786e-01 1.293727e+01
1.215193e-01 -7.140078e-02 9.900177e-01 -2.415665e-01 7.731830e-02 9.950595e-01 6.227402e-02 -1.423163e+00 -9.895730e-01 6.897896e-02 1.264394e-01 1.305145e+01
9.267662e-02 -7.219793e-02 9.930752e-01 3.996954e-01 7.503565e-02 9.950378e-01 6.533809e-02 -1.406465e+00 -9.928648e-01 6.846071e-02 9.763400e-02 1.321401e+01
6.603751e-02 -7.274810e-02 9.951615e-01 1.256958e+00 7.661230e-02 9.947641e-01 6.763519e-02 -1.408292e+00 -9.948715e-01 7.177516e-02 7.126497e-02 1.329059e+01
4.208463e-02 -7.291398e-02 9.964498e-01 2.144617e+00 7.955156e-02 9.944113e-01 6.940502e-02 -1.391596e+00 -9.959418e-01 7.634824e-02 4.764969e-02 1.327558e+01
1.868539e-02 -7.336453e-02 9.971300e-01 2.861251e+00 8.071603e-02 9.941594e-01 7.163344e-02 -1.411388e+00 -9.965618e-01 7.914587e-02 2.449778e-02 1.346620e+01
-1.721257e-03 -7.431018e-02 9.972335e-01 3.231227e+00 8.545858e-02 9.935758e-01 7.418514e-02 -1.404372e+00 -9.963401e-01 8.534986e-02 4.640063e-03 1.350495e+01
-1.797562e-02 -7.532911e-02 9.969965e-01 3.566985e+00 9.003771e-02 9.929841e-01 7.664932e-02 -1.343084e+00 -9.957760e-01 9.114511e-02 -1.106723e-02 1.337250e+01
-3.226439e-02 -7.568426e-02 9.966096e-01 4.046885e+00 9.299482e-02 9.925758e-01 7.838856e-02 -1.289988e+00 -9.951436e-01 9.520869e-02 -2.498680e-02 1.324691e+01
-4.693453e-02 -7.712813e-02 9.959157e-01 4.599423e+00 9.463920e-02 9.921861e-01 8.129937e-02 -1.283859e+00 -9.944045e-01 9.806844e-02 -3.926864e-02 1.330349e+01
-5.890241e-02 -7.857649e-02 9.951663e-01 5.536158e+00 9.489071e-02 9.919423e-01 8.393838e-02 -1.202081e+00 -9.937434e-01 9.937623e-02 -5.097181e-02 1.315694e+01
-7.197145e-02 -7.922792e-02 9.942549e-01 5.997486e+00 9.332220e-02 9.919320e-01 8.579816e-02 -1.209533e+00 -9.930311e-01 9.896111e-02 -6.399728e-02 1.323449e+01
-8.246733e-02 -7.752606e-02 9.935736e-01 6.979870e+00 9.362324e-02 9.919577e-01 8.517077e-02 -1.156676e+00 -9.921862e-01 1.000454e-01 -7.454607e-02 1.311396e+01
-9.357759e-02 -7.472409e-02 9.928038e-01 8.731823e+00 9.345955e-02 9.921167e-01 8.348149e-02 -1.121076e+00 -9.912155e-01 1.005990e-01 -8.585644e-02 1.303622e+01
-1.013198e-01 -7.231845e-02 9.922218e-01 9.004217e+00 9.496517e-02 9.920967e-01 8.200661e-02 -1.032372e+00 -9.903108e-01 1.025355e-01 -9.365150e-02 1.290636e+01
-1.084052e-01 -7.189647e-02 9.915033e-01 9.940425e+00 9.468117e-02 9.921003e-01 8.229164e-02 -9.853873e-01 -9.895875e-01 1.027976e-01 -1.007418e-01 1.280084e+01
-1.152594e-01 -7.220977e-02 9.907071e-01 1.134904e+01 9.440123e-02 9.920436e-01 8.328987e-02 -9.650698e-01 -9.888394e-01 1.031240e-01 -1.075259e-01 1.279995e+01
-1.193118e-01 -7.131453e-02 9.902921e-01 1.256026e+01 9.629769e-02 9.918829e-01 8.303118e-02 -9.114171e-01 -9.881756e-01 1.052695e-01 -1.114762e-01 1.261017e+01
-1.234756e-01 -7.059211e-02 9.898332e-01 1.298640e+01 9.580753e-02 9.919584e-01 8.269508e-02 -9.010022e-01 -9.877117e-01 1.050444e-01 -1.157197e-01 1.258828e+01
-1.278854e-01 -7.059463e-02 9.892730e-01 1.436007e+01 9.617133e-02 9.918799e-01 8.321292e-02 -8.743282e-01 -9.871150e-01 1.057815e-01 -1.200580e-01 1.250022e+01
-1.292306e-01 -7.243024e-02 9.889655e-01 1.478979e+01 9.703560e-02 9.916180e-01 8.530439e-02 -8.529871e-01 -9.868552e-01 1.069889e-01 -1.211194e-01 1.234725e+01
-1.292259e-01 -7.474328e-02 9.887940e-01 1.547802e+01 9.971625e-02 9.911208e-01 8.795112e-02 -7.866197e-01 -9.865886e-01 1.099644e-01 -1.206256e-01 1.204372e+01
-1.303634e-01 -7.653805e-02 9.885073e-01 1.681886e+01 1.014148e-01 9.907566e-01 9.008668e-02 -7.138227e-01 -9.862657e-01 1.119933e-01 -1.213965e-01 1.176162e+01
-1.309961e-01 -7.658383e-02 9.884201e-01 1.845857e+01 1.072216e-01 9.900687e-01 9.092173e-02 -6.928387e-01 -9.855675e-01 1.178905e-01 -1.214840e-01 1.132158e+01
-1.291973e-01 -7.751827e-02 9.885840e-01 1.927271e+01 1.094391e-01 9.897346e-01 9.191100e-02 -6.369452e-01 -9.855612e-01 1.200645e-01 -1.193878e-01 1.089004e+01
-1.287185e-01 -7.693944e-02 9.886917e-01 2.003130e+01 1.131295e-01 9.893375e-01 9.171811e-02 -5.881455e-01 -9.852071e-01 1.236561e-01 -1.186422e-01 1.065662e+01
-1.303266e-01 -7.786888e-02 9.884082e-01 2.125422e+01 1.154872e-01 9.889324e-01 9.313773e-02 -6.306949e-01 -9.847220e-01 1.262869e-01 -1.198916e-01 1.066106e+01
-1.331536e-01 -7.804404e-02 9.880176e-01 2.317511e+01 1.148493e-01 9.889634e-01 9.359681e-02 -6.606553e-01 -9.844184e-01 1.259359e-01 -1.227210e-01 1.072579e+01
-1.325060e-01 -7.924090e-02 9.880093e-01 2.316722e+01 1.129788e-01 9.890949e-01 9.448001e-02 -6.540932e-01 -9.847222e-01 1.241433e-01 -1.221088e-01 1.083220e+01
-1.364558e-01 -8.323094e-02 9.871432e-01 2.651294e+01 1.130395e-01 9.886474e-01 9.898354e-02 -7.882594e-01 -9.841757e-01 1.250931e-01 -1.254985e-01 1.074060e+01
-1.326913e-01 -8.314441e-02 9.876636e-01 2.551025e+01 1.129198e-01 9.887190e-01 9.840388e-02 -7.486809e-01 -9.847040e-01 1.245842e-01 -1.218060e-01 1.073058e+01
-1.350545e-01 -8.461384e-02 9.872184e-01 2.707908e+01 1.144286e-01 9.883483e-01 1.003649e-01 -7.692591e-01 -9.842085e-01 1.265208e-01 -1.237989e-01 1.069117e+01
-1.367858e-01 -8.515055e-02 9.869339e-01 2.789335e+01 1.148222e-01 9.882200e-01 1.011755e-01 -7.259296e-01 -9.839235e-01 1.271613e-01 -1.253975e-01 1.077411e+01
-1.375858e-01 -8.652969e-02 9.867027e-01 2.828365e+01 1.124413e-01 9.883724e-01 1.023549e-01 -7.190235e-01 -9.840869e-01 1.250288e-01 -1.262567e-01 1.095293e+01
-1.389127e-01 -8.909925e-02 9.862880e-01 2.887275e+01 1.126135e-01 9.880624e-01 1.051205e-01 -6.839467e-01 -9.838808e-01 1.256720e-01 -1.272209e-01 1.108702e+01
-1.414934e-01 -9.282108e-02 9.855777e-01 3.014214e+01 1.140645e-01 9.874344e-01 1.093715e-01 -6.904088e-01 -9.833457e-01 1.278948e-01 -1.291281e-01 1.111897e+01
-1.400380e-01 -9.337664e-02 9.857330e-01 3.090936e+01 1.151868e-01 9.872472e-01 1.098841e-01 -6.757947e-01 -9.834233e-01 1.289314e-01 -1.274966e-01 1.094618e+01
-1.385155e-01 -9.278324e-02 9.860042e-01 3.136281e+01 1.157324e-01 9.872637e-01 1.091601e-01 -6.065564e-01 -9.835748e-01 1.292330e-01 -1.260135e-01 1.080476e+01
-1.389596e-01 -9.476128e-02 9.857535e-01 3.327999e+01 1.164533e-01 9.869409e-01 1.112916e-01 -5.303794e-01 -9.834271e-01 1.302593e-01 -1.261098e-01 1.049933e+01
-1.404787e-01 -9.640887e-02 9.853784e-01 3.327938e+01 1.162064e-01 9.867631e-01 1.131111e-01 -5.451062e-01 -9.832405e-01 1.303969e-01 -1.274160e-01 1.071471e+01
-1.409400e-01 -9.883978e-02 9.850717e-01 3.393266e+01 1.171570e-01 9.863469e-01 1.157301e-01 -5.041198e-01 -9.830616e-01 1.317191e-01 -1.274362e-01 1.072559e+01
-1.442393e-01 -9.947152e-02 9.845303e-01 3.532594e+01 1.200363e-01 9.858283e-01 1.171887e-01 -4.310626e-01 -9.822354e-01 1.350826e-01 -1.302551e-01 1.082559e+01
-1.465527e-01 -1.009808e-01 9.840349e-01 3.640723e+01 1.234287e-01 9.851346e-01 1.194760e-01 -4.238195e-01 -9.814723e-01 1.389676e-01 -1.319104e-01 1.093911e+01
-1.485092e-01 -1.004618e-01 9.837947e-01 3.794758e+01 1.240963e-01 9.850690e-01 1.193249e-01 -2.998421e-01 -9.810939e-01 1.398062e-01 -1.338250e-01 1.091913e+01
-1.541095e-01 -1.016118e-01 9.828147e-01 4.053261e+01 1.249347e-01 9.847097e-01 1.213980e-01 -2.367364e-01 -9.801233e-01 1.414963e-01 -1.390585e-01 1.089932e+01
-1.546320e-01 -1.013228e-01 9.827625e-01 4.165810e+01 1.242247e-01 9.848383e-01 1.210829e-01 -7.408956e-02 -9.801313e-01 1.408067e-01 -1.397009e-01 1.076529e+01
-1.541103e-01 -1.019554e-01 9.827790e-01 4.279998e+01 1.232502e-01 9.849089e-01 1.215033e-01 3.376479e-02 -9.803364e-01 1.398527e-01 -1.392187e-01 1.046698e+01
-1.555696e-01 -1.046070e-01 9.822703e-01 4.538575e+01 1.220001e-01 9.847294e-01 1.241910e-01 1.176390e-01 -9.802623e-01 1.391575e-01 -1.404320e-01 1.002964e+01
-1.544005e-01 -1.060671e-01 9.822981e-01 4.681037e+01 1.204823e-01 9.847793e-01 1.252728e-01 2.906833e-01 -9.806349e-01 1.376918e-01 -1.392714e-01 9.578901e+00
-1.538072e-01 -1.096468e-01 9.819981e-01 4.764893e+01 1.173948e-01 9.847570e-01 1.283420e-01 2.894949e-01 -9.811025e-01 1.350214e-01 -1.385909e-01 9.376575e+00
-1.594674e-01 -1.117348e-01 9.808592e-01 5.150211e+01 1.166259e-01 9.844839e-01 1.311086e-01 3.194603e-01 -9.802901e-01 1.353012e-01 -1.439621e-01 8.977659e+00
-1.594049e-01 -1.112413e-01 9.809255e-01 5.055336e+01 1.129145e-01 9.850557e-01 1.300588e-01 5.164816e-01 -9.807347e-01 1.314928e-01 -1.444620e-01 9.054400e+00
-1.696687e-01 -1.124332e-01 9.790663e-01 5.326722e+01 1.119302e-01 9.848435e-01 1.324937e-01 5.786803e-01 -9.791242e-01 1.320671e-01 -1.545126e-01 9.094547e+00
-1.816445e-01 -1.134173e-01 9.768016e-01 5.495549e+01 1.055866e-01 9.853343e-01 1.340427e-01 8.308034e-01 -9.776794e-01 1.274853e-01 -1.670053e-01 9.467004e+00
-1.858949e-01 -1.165635e-01 9.756308e-01 5.526027e+01 9.959074e-02 9.855894e-01 1.367291e-01 9.306612e-01 -9.775096e-01 1.225811e-01 -1.716075e-01 9.446721e+00
-1.896288e-01 -1.178765e-01 9.747540e-01 5.671950e+01 9.407839e-02 9.860180e-01 1.375407e-01 1.159088e+00 -9.773384e-01 1.177850e-01 -1.758879e-01 9.078590e+00
-1.972089e-01 -1.195436e-01 9.730453e-01 5.954067e+01 9.044208e-02 9.860864e-01 1.394758e-01 1.297343e+00 -9.761809e-01 1.155102e-01 -1.836534e-01 8.788172e+00
-1.980169e-01 -1.196823e-01 9.728643e-01 6.007375e+01 8.543812e-02 9.866326e-01 1.387661e-01 1.643932e+00 -9.764680e-01 1.105978e-01 -1.851447e-01 8.237037e+00
-2.054309e-01 -1.227704e-01 9.709403e-01 6.205826e+01 8.081114e-02 9.865844e-01 1.418464e-01 1.822547e+00 -9.753296e-01 1.076025e-01 -1.927539e-01 7.946918e+00
-2.120782e-01 -1.277102e-01 9.688717e-01 6.336049e+01 7.340690e-02 9.865413e-01 1.461074e-01 1.935357e+00 -9.744919e-01 1.021081e-01 -1.998493e-01 7.816980e+00
-2.182075e-01 -1.335106e-01 9.667264e-01 6.538930e+01 6.250709e-02 9.866515e-01 1.503713e-01 2.160064e+00 -9.738986e-01 9.323943e-02 -2.069495e-01 7.376968e+00
-2.262524e-01 -1.371948e-01 9.643583e-01 6.721225e+01 5.716883e-02 9.864544e-01 1.537509e-01 2.335754e+00 -9.723898e-01 8.991776e-02 -2.153445e-01 7.157799e+00
-2.333926e-01 -1.392768e-01 9.623560e-01 6.879145e+01 5.438022e-02 9.862705e-01 1.559262e-01 2.521814e+00 -9.708609e-01 8.872518e-02 -2.226145e-01 6.810774e+00
-2.395009e-01 -1.393335e-01 9.608459e-01 7.017049e+01 5.130347e-02 9.864499e-01 1.558342e-01 2.701840e+00 -9.695398e-01 8.661719e-02 -2.291075e-01 6.470911e+00
-2.453488e-01 -1.389497e-01 9.594250e-01 7.105708e+01 4.946798e-02 9.865909e-01 1.555342e-01 2.823955e+00 -9.681720e-01 8.562098e-02 -2.351855e-01 6.277445e+00
-2.495933e-01 -1.409448e-01 9.580381e-01 7.281252e+01 4.516693e-02 9.865792e-01 1.569108e-01 3.077350e+00 -9.672969e-01 8.243556e-02 -2.398777e-01 5.599576e+00
-2.558897e-01 -1.442983e-01 9.558754e-01 7.317202e+01 3.355833e-02 9.868746e-01 1.579615e-01 3.105242e+00 -9.661234e-01 7.249832e-02 -2.476888e-01 5.876175e+00
-2.595200e-01 -1.433367e-01 9.550409e-01 7.262704e+01 3.222588e-02 9.870877e-01 1.569034e-01 3.202207e+00 -9.651999e-01 7.149663e-02 -2.515501e-01 5.803321e+00
-2.646489e-01 -1.439688e-01 9.535372e-01 7.580508e+01 3.099983e-02 9.870117e-01 1.576267e-01 3.604074e+00 -9.638465e-01 7.127523e-02 -2.567487e-01 4.793176e+00
-2.692999e-01 -1.448939e-01 9.520938e-01 7.949631e+01 3.202887e-02 9.867226e-01 1.592233e-01 4.134907e+00 -9.625236e-01 7.337331e-02 -2.610837e-01 3.738308e+00
-2.810717e-01 -1.458706e-01 9.485356e-01 8.072475e+01 3.276625e-02 9.863456e-01 1.613945e-01 4.213501e+00 -9.591272e-01 7.644340e-02 -2.724545e-01 4.747028e+00
-2.883059e-01 -1.456652e-01 9.463935e-01 8.338046e+01 3.441451e-02 9.861462e-01 1.622677e-01 4.457189e+00 -9.569197e-01 7.935242e-02 -2.792990e-01 4.658221e+00
-2.576536e-01 -1.474451e-01 9.549209e-01 8.007565e+01 3.066760e-02 9.865423e-01 1.606022e-01 4.715268e+00 -9.657505e-01 7.066489e-02 -2.496646e-01 8.227663e-01
-2.592896e-01 -1.465680e-01 9.546130e-01 8.331522e+01 3.331260e-02 9.864720e-01 1.605078e-01 5.246913e+00 -9.652249e-01 7.341864e-02 -2.508996e-01 -3.436317e-01
-2.679496e-01 -1.476986e-01 9.520438e-01 8.698589e+01 3.050010e-02 9.863829e-01 1.616101e-01 5.517819e+00 -9.629500e-01 7.234081e-02 -2.597964e-01 -1.029251e+00
-2.693184e-01 -1.482345e-01 9.515741e-01 8.738389e+01 2.326280e-02 9.867931e-01 1.603047e-01 5.730880e+00 -9.627702e-01 6.530931e-02 -2.623135e-01 -1.361043e+00
-2.696481e-01 -1.506029e-01 9.511088e-01 8.852582e+01 1.641916e-02 9.868315e-01 1.609144e-01 5.961321e+00 -9.628189e-01 5.900667e-02 -2.636247e-01 -2.132305e+00
-2.751321e-01 -1.510394e-01 9.494676e-01 8.998598e+01 1.061233e-02 9.870448e-01 1.600923e-01 6.295834e+00 -9.613479e-01 5.412259e-02 -2.699651e-01 -2.276117e+00
-2.874076e-01 -1.505606e-01 9.459005e-01 9.522530e+01 6.065627e-03 9.872619e-01 1.589871e-01 7.042315e+00 -9.577892e-01 5.143157e-02 -2.828336e-01 -3.096221e+00
-2.896305e-01 -1.541041e-01 9.446509e-01 9.406772e+01 -4.181752e-03 9.871477e-01 1.597546e-01 7.013364e+00 -9.571294e-01 4.231948e-02 -2.865528e-01 -2.473240e+00
-2.947297e-01 -1.553233e-01 9.428724e-01 9.466965e+01 -6.481943e-03 9.870035e-01 1.605671e-01 7.179067e+00 -9.555587e-01 4.121221e-02 -2.919063e-01 -2.277846e+00
-2.997881e-01 -1.562642e-01 9.411206e-01 9.644881e+01 -8.874736e-03 9.869079e-01 1.610398e-01 7.447712e+00 -9.539646e-01 3.992558e-02 -2.972503e-01 -2.597345e+00
-3.033891e-01 -1.564568e-01 9.399338e-01 9.817101e+01 -9.847787e-03 9.868898e-01 1.610942e-01 7.690328e+00 -9.528159e-01 3.961795e-02 -3.009527e-01 -3.153937e+00
-3.063538e-01 -1.557132e-01 9.390953e-01 9.961591e+01 -1.075443e-02 9.870334e-01 1.601536e-01 7.919940e+00 -9.518570e-01 3.896420e-02 -3.040563e-01 -3.633020e+00
-3.110951e-01 -1.563739e-01 9.374253e-01 1.014239e+02 -1.418382e-02 9.870247e-01 1.599406e-01 8.136204e+00 -9.502730e-01 3.646042e-02 -3.092768e-01 -4.018626e+00
-3.137146e-01 -1.565718e-01 9.365188e-01 1.029275e+02 -1.499934e-02 9.870050e-01 1.599878e-01 8.349266e+00 -9.493988e-01 3.614331e-02 -3.119866e-01 -4.564466e+00
-3.155182e-01 -1.559799e-01 9.360116e-01 1.037103e+02 -1.529111e-02 9.871054e-01 1.593399e-01 8.487628e+00 -9.487963e-01 3.596195e-02 -3.138350e-01 -4.801024e+00
-3.181851e-01 -1.564567e-01 9.350287e-01 1.042183e+02 -1.566675e-02 9.870210e-01 1.598251e-01 8.612001e+00 -9.478991e-01 3.620509e-02 -3.165067e-01 -4.852604e+00
-3.220507e-01 -1.567298e-01 9.336586e-01 1.079879e+02 -1.555377e-02 9.869443e-01 1.603096e-01 9.058942e+00 -9.465946e-01 3.710587e-02 -3.202840e-01 -6.310988e+00
-3.247837e-01 -1.561672e-01 9.328057e-01 1.075140e+02 -1.281321e-02 9.869098e-01 1.607638e-01 9.049254e+00 -9.457015e-01 4.026121e-02 -3.225334e-01 -6.077676e+00
-3.280087e-01 -1.562754e-01 9.316584e-01 1.102068e+02 -1.119245e-02 9.867957e-01 1.615834e-01 9.418757e+00 -9.446084e-01 4.257320e-02 -3.254268e-01 -7.049223e+00
-3.289154e-01 -1.565496e-01 9.312927e-01 1.090234e+02 -9.562470e-03 9.866655e-01 1.624803e-01 9.368653e+00 -9.443110e-01 4.453681e-02 -3.260266e-01 -6.706050e+00
-3.324569e-01 -1.575427e-01 9.298667e-01 1.137245e+02 -1.025513e-02 9.864950e-01 1.634703e-01 9.928353e+00 -9.430627e-01 4.481091e-02 -3.295828e-01 -8.300344e+00
-3.343960e-01 -1.569311e-01 9.292745e-01 1.135681e+02 -1.112462e-02 9.866272e-01 1.626133e-01 1.004230e+01 -9.423670e-01 4.403939e-02 -3.316702e-01 -8.229012e+00
-3.391917e-01 -1.556920e-01 9.277436e-01 1.170389e+02 -1.280866e-02 9.868822e-01 1.609334e-01 1.042109e+01 -9.406300e-01 4.270411e-02 -3.367367e-01 -9.194506e+00
-3.432699e-01 -1.553348e-01 9.263024e-01 1.172870e+02 -1.462733e-02 9.869938e-01 1.600916e-01 1.038198e+01 -9.391229e-01 4.140530e-02 -3.410776e-01 -9.002061e+00
-3.429913e-01 -1.556969e-01 9.263447e-01 1.169272e+02 -1.714370e-02 9.870409e-01 1.595507e-01 1.042061e+01 -9.391820e-01 3.884352e-02 -3.412158e-01 -9.042246e+00
-3.526407e-01 -1.552857e-01 9.227838e-01 1.227160e+02 -2.052020e-02 9.871809e-01 1.582806e-01 1.109808e+01 -9.355337e-01 3.688046e-02 -3.513069e-01 -1.092065e+01
-3.595950e-01 -1.557897e-01 9.200109e-01 1.275160e+02 -2.012380e-02 9.870295e-01 1.592726e-01 1.160057e+01 -9.328914e-01 3.875951e-02 -3.580662e-01 -1.300114e+01
-3.598586e-01 -1.578991e-01 9.195481e-01 1.262342e+02 -2.255887e-02 9.867598e-01 1.606119e-01 1.153816e+01 -9.327340e-01 3.705360e-02 -3.586563e-01 -1.250405e+01
-3.620708e-01 -1.604567e-01 9.182360e-01 1.266111e+02 -2.535270e-02 9.864039e-01 1.623717e-01 1.158253e+01 -9.318056e-01 3.551029e-02 -3.612163e-01 -1.271380e+01
-3.642662e-01 -1.618030e-01 9.171308e-01 1.274915e+02 -2.760650e-02 9.862348e-01 1.630297e-01 1.175464e+01 -9.308855e-01 3.406743e-02 -3.637190e-01 -1.322959e+01
-3.678782e-01 -1.646715e-01 9.151765e-01 1.282998e+02 -3.377843e-02 9.859116e-01 1.638210e-01 1.179080e+01 -9.292601e-01 2.935294e-02 -3.682580e-01 -1.341871e+01
-3.725662e-01 -1.673720e-01 9.127870e-01 1.308135e+02 -4.083609e-02 9.856054e-01 1.640563e-01 1.200985e+01 -9.271066e-01 2.384718e-02 -3.740382e-01 -1.433628e+01
-3.797255e-01 -1.693563e-01 9.094648e-01 1.338740e+02 -4.697496e-02 9.853618e-01 1.638761e-01 1.233831e+01 -9.239057e-01 1.950586e-02 -3.821227e-01 -1.531028e+01
-3.871399e-01 -1.709015e-01 9.060434e-01 1.355615e+02 -4.949641e-02 9.851067e-01 1.646654e-01 1.246348e+01 -9.206914e-01 1.890268e-02 -3.898334e-01 -1.558501e+01
-3.952042e-01 -1.727880e-01 9.021957e-01 1.370685e+02 -5.381383e-02 9.848178e-01 1.650386e-01 1.273554e+01 -9.170156e-01 1.667337e-02 -3.985028e-01 -1.560464e+01
-3.968708e-01 -1.769945e-01 9.006473e-01 1.379621e+02 -5.957395e-02 9.841300e-01 1.671491e-01 1.279862e+01 -9.159392e-01 1.268146e-02 -4.011170e-01 -1.613523e+01
-4.032986e-01 -1.785863e-01 8.974721e-01 1.395662e+02 -6.212660e-02 9.838517e-01 1.678567e-01 1.296854e+01 -9.129570e-01 1.193949e-02 -4.078813e-01 -1.639599e+01
-4.121962e-01 -1.773402e-01 8.936688e-01 1.431378e+02 -6.134992e-02 9.840499e-01 1.669783e-01 1.346815e+01 -9.090273e-01 1.400131e-02 -4.165016e-01 -1.773329e+01
-4.269866e-01 -1.745358e-01 8.872536e-01 1.420320e+02 -6.158563e-02 9.845303e-01 1.640337e-01 1.370424e+01 -9.021584e-01 1.539809e-02 -4.311304e-01 -1.540516e+01
-4.350415e-01 -1.701041e-01 8.841961e-01 1.429161e+02 -5.794777e-02 9.852463e-01 1.610329e-01 1.409414e+01 -8.985438e-01 1.881881e-02 -4.384804e-01 -1.527155e+01
-4.389029e-01 -1.683028e-01 8.826311e-01 1.454852e+02 -5.667091e-02 9.855304e-01 1.597433e-01 1.449234e+01 -8.967456e-01 2.009229e-02 -4.420903e-01 -1.676971e+01
-4.380509e-01 -1.693977e-01 8.828449e-01 1.453709e+02 -5.915732e-02 9.853880e-01 1.597205e-01 1.452849e+01 -8.970016e-01 1.773898e-02 -4.416715e-01 -1.697099e+01
-4.418094e-01 -1.684269e-01 8.811561e-01 1.470915e+02 -5.824078e-02 9.855307e-01 1.591756e-01 1.480875e+01 -8.952165e-01 1.900604e-02 -4.452263e-01 -1.799709e+01
-4.452964e-01 -1.721983e-01 8.786684e-01 1.494445e+02 -6.037989e-02 9.848736e-01 1.624123e-01 1.491133e+01 -8.933451e-01 1.926773e-02 -4.489583e-01 -1.924745e+01
-4.420692e-01 -1.757086e-01 8.796025e-01 1.477619e+02 -6.007566e-02 9.842238e-01 1.664149e-01 1.453904e+01 -8.949670e-01 2.072419e-02 -4.456512e-01 -1.920136e+01
-4.418049e-01 -1.785744e-01 8.791581e-01 1.480060e+02 -6.218468e-02 9.837269e-01 1.685646e-01 1.456084e+01 -8.949535e-01 1.980249e-02 -4.457203e-01 -1.959851e+01
-4.460467e-01 -1.801284e-01 8.766958e-01 1.495252e+02 -6.502505e-02 9.834714e-01 1.689833e-01 1.475671e+01 -8.926446e-01 1.836723e-02 -4.503874e-01 -2.001956e+01
-4.504569e-01 -1.837133e-01 8.736919e-01 1.525283e+02 -6.784379e-02 9.828137e-01 1.716798e-01 1.496696e+01 -8.902169e-01 1.805978e-02 -4.551794e-01 -2.147119e+01
-4.514621e-01 -1.853169e-01 8.728339e-01 1.536679e+02 -6.955907e-02 9.825276e-01 1.726281e-01 1.520300e+01 -8.895750e-01 1.722155e-02 -4.564649e-01 -2.219036e+01
-4.530548e-01 -1.871809e-01 8.716100e-01 1.562822e+02 -7.114486e-02 9.821816e-01 1.739460e-01 1.547017e+01 -8.886394e-01 1.679650e-02 -4.582995e-01 -2.387468e+01
-4.609079e-01 -1.885655e-01 8.671830e-01 1.602126e+02 -7.397660e-02 9.819278e-01 1.741977e-01 1.602412e+01 -8.843594e-01 1.613785e-02 -4.665281e-01 -2.559264e+01
-4.573709e-01 -1.922724e-01 8.682411e-01 1.604075e+02 -7.549541e-02 9.812165e-01 1.775215e-01 1.594436e+01 -8.860657e-01 1.564494e-02 -4.632960e-01 -2.640827e+01
-4.590181e-01 -1.937873e-01 8.670342e-01 1.600100e+02 -7.768099e-02 9.809374e-01 1.781202e-01 1.598806e+01 -8.850244e-01 1.440827e-02 -4.653220e-01 -2.619656e+01
-4.605865e-01 -1.953911e-01 8.658417e-01 1.627225e+02 -7.869487e-02 9.806177e-01 1.794304e-01 1.625745e+01 -8.841196e-01 1.450589e-02 -4.670359e-01 -2.806163e+01
-4.597321e-01 -1.965315e-01 8.660377e-01 1.630567e+02 -7.987715e-02 9.804026e-01 1.800822e-01 1.642313e+01 -8.844581e-01 1.361294e-02 -4.664213e-01 -2.869121e+01
-4.632257e-01 -1.987657e-01 8.636628e-01 1.640961e+02 -8.178539e-02 9.799534e-01 1.816637e-01 1.655730e+01 -8.824586e-01 1.351625e-02 -4.701962e-01 -2.920315e+01
-4.680972e-01 -2.011503e-01 8.604783e-01 1.669823e+02 -8.420411e-02 9.794700e-01 1.831599e-01 1.680962e+01 -8.796561e-01 1.328079e-02 -4.754253e-01 -3.069088e+01
-4.735532e-01 -2.031644e-01 8.570129e-01 1.670658e+02 -8.501780e-02 9.790323e-01 1.851130e-01 1.680409e+01 -8.766525e-01 1.479945e-02 -4.808969e-01 -3.039564e+01
-4.735684e-01 -2.053335e-01 8.564873e-01 1.685883e+02 -8.542506e-02 9.785678e-01 1.873679e-01 1.694431e+01 -8.766046e-01 1.556600e-02 -4.809599e-01 -3.175864e+01
-4.662574e-01 -2.068610e-01 8.601232e-01 1.711196e+02 -8.625564e-02 9.782739e-01 1.885189e-01 1.731524e+01 -8.804341e-01 1.370781e-02 -4.739707e-01 -3.481694e+01
-4.645958e-01 -2.078021e-01 8.607951e-01 1.737464e+02 -8.603647e-02 9.780694e-01 1.896767e-01 1.762642e+01 -8.813335e-01 1.406316e-02 -4.722858e-01 -3.706638e+01
-4.563943e-01 -2.111555e-01 8.643592e-01 1.754989e+02 -8.449165e-02 9.773280e-01 1.941400e-01 1.773540e+01 -8.857572e-01 1.557319e-02 -4.638881e-01 -3.947137e+01
-4.507673e-01 -2.133981e-01 8.667579e-01 1.748311e+02 -8.355678e-02 9.768273e-01 1.970429e-01 1.753730e+01 -8.887224e-01 1.639693e-02 -4.581530e-01 -3.990536e+01
-4.583262e-01 -2.135630e-01 8.627439e-01 1.777564e+02 -8.478012e-02 9.767803e-01 1.967527e-01 1.795278e+01 -8.847316e-01 1.703334e-02 -4.657903e-01 -4.119453e+01
-4.717786e-01 -2.160391e-01 8.548399e-01 1.802672e+02 -8.932210e-02 9.762399e-01 1.974239e-01 1.835896e+01 -8.771814e-01 1.678422e-02 -4.798666e-01 -4.168201e+01
-4.682624e-01 -2.187940e-01 8.560715e-01 1.801274e+02 -9.200226e-02 9.756637e-01 1.990350e-01 1.833957e+01 -8.787869e-01 1.444005e-02 -4.769967e-01 -4.214706e+01
-4.745570e-01 -2.219938e-01 8.517708e-01 1.817018e+02 -9.520756e-02 9.749425e-01 2.010515e-01 1.851296e+01 -8.750610e-01 1.431534e-02 -4.838018e-01 -4.277938e+01
-4.761855e-01 -2.231603e-01 8.505562e-01 1.824561e+02 -9.660817e-02 9.746829e-01 2.016412e-01 1.865575e+01 -8.740222e-01 1.384787e-02 -4.856895e-01 -4.340910e+01
-4.789669e-01 -2.252900e-01 8.484303e-01 1.839937e+02 -9.918660e-02 9.742054e-01 2.026939e-01 1.888808e+01 -8.722118e-01 1.293071e-02 -4.889584e-01 -4.447879e+01
-4.831926e-01 -2.269273e-01 8.455932e-01 1.848482e+02 -1.024665e-01 9.738451e-01 2.027938e-01 1.908178e+01 -8.694977e-01 1.134345e-02 -4.938077e-01 -4.490125e+01
-4.862102e-01 -2.298957e-01 8.430578e-01 1.869071e+02 -1.053263e-01 9.731560e-01 2.046286e-01 1.941565e+01 -8.674715e-01 1.069633e-02 -4.973729e-01 -4.623397e+01
-4.853883e-01 -2.325076e-01 8.428150e-01 1.862241e+02 -1.061048e-01 9.725303e-01 2.071851e-01 1.927154e+01 -8.678368e-01 1.113848e-02 -4.967255e-01 -4.591732e+01
-4.854069e-01 -2.346140e-01 8.422205e-01 1.869920e+02 -1.072918e-01 9.720253e-01 2.089365e-01 1.940065e+01 -8.676805e-01 1.105580e-02 -4.970004e-01 -4.664452e+01
-4.928181e-01 -2.367170e-01 8.373137e-01 1.901153e+02 -1.080498e-01 9.714839e-01 2.110533e-01 1.987625e+01 -8.633981e-01 1.353930e-02 -5.043426e-01 -4.844476e+01
-4.928614e-01 -2.400008e-01 8.363529e-01 1.903529e+02 -1.104051e-01 9.706869e-01 2.134879e-01 1.988468e+01 -8.630754e-01 1.288228e-02 -5.049120e-01 -4.873064e+01
-4.927316e-01 -2.428723e-01 8.356001e-01 1.909046e+02 -1.122597e-01 9.699774e-01 2.157333e-01 1.997194e+01 -8.629103e-01 1.249431e-02 -5.052038e-01 -4.931363e+01
-4.962605e-01 -2.452530e-01 8.328118e-01 1.925397e+02 -1.131970e-01 9.693587e-01 2.180120e-01 2.023117e+01 -8.607629e-01 1.391888e-02 -5.088169e-01 -5.030843e+01
-4.946899e-01 -2.470290e-01 8.332213e-01 1.927266e+02 -1.157074e-01 9.689368e-01 2.185689e-01 2.026222e+01 -8.613331e-01 1.171393e-02 -5.079068e-01 -5.064547e+01
-4.951696e-01 -2.471312e-01 8.329059e-01 1.940650e+02 -1.176739e-01 9.689330e-01 2.175337e-01 2.050515e+01 -8.607908e-01 9.704784e-03 -5.088676e-01 -5.171339e+01
-4.950796e-01 -2.502787e-01 8.320192e-01 1.946358e+02 -1.207042e-01 9.681386e-01 2.194016e-01 2.057285e+01 -8.604229e-01 8.193010e-03 -5.095159e-01 -5.227367e+01
-4.991505e-01 -2.536290e-01 8.285652e-01 1.956221e+02 -1.250021e-01 9.672783e-01 2.207854e-01 2.079357e+01 -8.574522e-01 6.632679e-03 -5.145221e-01 -5.284924e+01
-5.008494e-01 -2.577978e-01 8.262501e-01 1.975835e+02 -1.274203e-01 9.661729e-01 2.242165e-01 2.115302e+01 -8.561044e-01 7.017607e-03 -5.167564e-01 -5.449888e+01
-4.994948e-01 -2.601344e-01 8.263378e-01 1.974113e+02 -1.276253e-01 9.655402e-01 2.268104e-01 2.103399e+01 -8.568649e-01 7.828971e-03 -5.154827e-01 -5.471727e+01
-4.998454e-01 -2.631756e-01 8.251619e-01 1.982603e+02 -1.307134e-01 9.647265e-01 2.285079e-01 2.115361e+01 -8.561947e-01 6.358897e-03 -5.166153e-01 -5.552679e+01
-5.029099e-01 -2.646329e-01 8.228305e-01 1.997580e+02 -1.319471e-01 9.643245e-01 2.294938e-01 2.145479e+01 -8.542086e-01 6.844648e-03 -5.198865e-01 -5.658698e+01
-4.990407e-01 -2.684703e-01 8.239424e-01 1.999199e+02 -1.344645e-01 9.632736e-01 2.324276e-01 2.140288e+01 -8.560832e-01 5.199830e-03 -5.168130e-01 -5.707079e+01
-5.007503e-01 -2.734051e-01 8.212782e-01 2.019135e+02 -1.382366e-01 9.618876e-01 2.359284e-01 2.171848e+01 -8.544827e-01 4.610500e-03 -5.194607e-01 -5.865491e+01
-5.005755e-01 -2.794715e-01 8.193405e-01 2.023487e+02 -1.444557e-01 9.601526e-01 2.392463e-01 2.174739e+01 -8.535558e-01 1.402464e-03 -5.210007e-01 -5.897324e+01
-5.028284e-01 -2.859924e-01 8.157027e-01 2.033642e+02 -1.544078e-01 9.582191e-01 2.407773e-01 2.197207e+01 -8.504838e-01 -4.881185e-03 -5.259799e-01 -5.947857e+01
-5.048668e-01 -2.908836e-01 8.127085e-01 2.046062e+02 -1.615077e-01 9.567155e-01 2.420953e-01 2.219590e+01 -8.479537e-01 -9.032814e-03 -5.299945e-01 -6.028613e+01
-5.081931e-01 -2.949950e-01 8.091455e-01 2.050779e+02 -1.686497e-01 9.554062e-01 2.423956e-01 2.231005e+01 -8.445696e-01 -1.327837e-02 -5.352824e-01 -6.035217e+01
-5.169009e-01 -2.968825e-01 8.029153e-01 2.067062e+02 -1.716219e-01 9.548330e-01 2.425680e-01 2.268785e+01 -8.386656e-01 -1.241425e-02 -5.445063e-01 -6.121302e+01
-5.182124e-01 -2.975737e-01 8.018133e-01 2.074194e+02 -1.698310e-01 9.546517e-01 2.445339e-01 2.282112e+01 -8.382207e-01 -9.452308e-03 -5.452503e-01 -6.208913e+01
-5.204244e-01 -2.998222e-01 7.995398e-01 2.080724e+02 -1.735597e-01 9.539267e-01 2.447452e-01 2.300082e+01 -8.360838e-01 -1.139660e-02 -5.484845e-01 -6.273493e+01
-5.241224e-01 -3.018316e-01 7.963619e-01 2.087995e+02 -1.749717e-01 9.533050e-01 2.461581e-01 2.313031e+01 -8.334754e-01 -1.032393e-02 -5.524613e-01 -6.330491e+01
-5.281704e-01 -3.029916e-01 7.932408e-01 2.092117e+02 -1.764799e-01 9.529425e-01 2.464850e-01 2.324123e+01 -8.305971e-01 -9.805064e-03 -5.567887e-01 -6.349902e+01
-5.354940e-01 -3.048321e-01 7.876054e-01 2.106371e+02 -1.836470e-01 9.523009e-01 2.437133e-01 2.366900e+01 -8.243304e-01 -1.413447e-02 -5.659337e-01 -6.416078e+01
-5.348680e-01 -3.092718e-01 7.862989e-01 2.113062e+02 -1.933572e-01 9.507100e-01 2.424105e-01 2.381497e+01 -8.225144e-01 -2.237909e-02 -5.683050e-01 -6.483889e+01
-5.359074e-01 -3.126480e-01 7.842532e-01 2.130202e+02 -2.016644e-01 9.494208e-01 2.406887e-01 2.422560e+01 -8.198386e-01 -2.916919e-02 -5.718524e-01 -6.644249e+01
-5.395931e-01 -3.174894e-01 7.797682e-01 2.139543e+02 -2.063539e-01 9.477954e-01 2.431079e-01 2.436500e+01 -8.162462e-01 -2.972896e-02 -5.769398e-01 -6.710899e+01
-5.415618e-01 -3.209884e-01 7.769659e-01 2.135882e+02 -2.094771e-01 9.466063e-01 2.450618e-01 2.418532e+01 -8.141442e-01 -3.004058e-02 -5.798862e-01 -6.696385e+01
-5.510631e-01 -3.211010e-01 7.702094e-01 2.157824e+02 -2.138424e-01 9.465185e-01 2.416061e-01 2.490195e+01 -8.065987e-01 -3.156338e-02 -5.902571e-01 -6.787879e+01
-5.569293e-01 -3.222265e-01 7.655056e-01 2.168257e+02 -2.173949e-01 9.460971e-01 2.400817e-01 2.522402e+01 -8.016046e-01 -3.270860e-02 -5.969602e-01 -6.821770e+01
-5.611004e-01 -3.282102e-01 7.598969e-01 2.154697e+02 -2.237120e-01 9.439955e-01 2.425382e-01 2.469403e+01 -7.969442e-01 -3.390989e-02 -6.031014e-01 -6.686606e+01
-5.654373e-01 -3.311256e-01 7.554041e-01 2.158530e+02 -2.275561e-01 9.429558e-01 2.430063e-01 2.476404e+01 -7.927797e-01 -3.449213e-02 -6.085326e-01 -6.708417e+01
-5.694273e-01 -3.327000e-01 7.517062e-01 2.175913e+02 -2.303176e-01 9.423836e-01 2.426239e-01 2.527209e+01 -7.891179e-01 -3.497466e-02 -6.132463e-01 -6.858521e+01
-5.743173e-01 -3.341044e-01 7.473506e-01 2.179502e+02 -2.334945e-01 9.418582e-01 2.416255e-01 2.544835e+01 -7.846278e-01 -3.573268e-02 -6.189376e-01 -6.749745e+01
-5.768102e-01 -3.356718e-01 7.447237e-01 2.188869e+02 -2.353082e-01 9.413043e-01 2.420240e-01 2.571375e+01 -7.822537e-01 -3.563782e-02 -6.219408e-01 -6.800029e+01
-5.813695e-01 -3.375007e-01 7.403390e-01 2.219474e+02 -2.379362e-01 9.406562e-01 2.419745e-01 2.658370e+01 -7.780724e-01 -3.547692e-02 -6.271730e-01 -6.982851e+01
-5.787792e-01 -3.388140e-01 7.417673e-01 2.198145e+02 -2.405495e-01 9.400632e-01 2.416951e-01 2.598999e+01 -7.791992e-01 -3.854378e-02 -6.255911e-01 -6.836044e+01
-5.735654e-01 -3.417064e-01 7.444854e-01 2.170009e+02 -2.494597e-01 9.385347e-01 2.385832e-01 2.518089e+01 -7.802522e-01 -4.887617e-02 -6.235536e-01 -6.693412e+01
-5.761250e-01 -3.389236e-01 7.437807e-01 2.201832e+02 -2.578579e-01 9.388739e-01 2.280888e-01 2.612824e+01 -7.756224e-01 -6.038224e-02 -6.283034e-01 -6.939615e+01
-5.796137e-01 -3.298705e-01 7.451392e-01 2.201394e+02 -2.488946e-01 9.423711e-01 2.235791e-01 2.601949e+01 -7.759511e-01 -5.587173e-02 -6.283148e-01 -6.920656e+01
-5.810323e-01 -3.292549e-01 7.443061e-01 2.202581e+02 -2.424620e-01 9.430170e-01 2.278827e-01 2.603830e+01 -7.769262e-01 -4.805886e-02 -6.277558e-01 -6.914806e+01
-5.814924e-01 -3.384997e-01 7.397863e-01 2.205327e+02 -2.439635e-01 9.400340e-01 2.383638e-01 2.605956e+01 -7.761117e-01 -4.187422e-02 -6.292047e-01 -6.975140e+01
-5.811853e-01 -3.484651e-01 7.353876e-01 2.215303e+02 -2.499919e-01 9.364341e-01 2.461599e-01 2.634484e+01 -7.744214e-01 -4.077651e-02 -6.313558e-01 -7.082429e+01
-5.812196e-01 -3.538003e-01 7.328085e-01 2.200797e+02 -2.553864e-01 9.343460e-01 2.485454e-01 2.585774e+01 -7.726334e-01 -4.268995e-02 -6.334166e-01 -6.951311e+01
-5.856284e-01 -3.557050e-01 7.283630e-01 2.228510e+02 -2.592197e-01 9.335681e-01 2.474979e-01 2.672586e+01 -7.680139e-01 -4.386434e-02 -6.389303e-01 -7.147698e+01
-5.875963e-01 -3.501340e-01 7.294766e-01 2.217547e+02 -2.534271e-01 9.358065e-01 2.450314e-01 2.640285e+01 -7.684439e-01 -4.088974e-02 -6.386105e-01 -7.101976e+01
-5.913947e-01 -3.441883e-01 7.292367e-01 2.237782e+02 -2.494161e-01 9.380621e-01 2.404796e-01 2.700805e+01 -7.668407e-01 -3.966516e-02 -6.406117e-01 -7.284797e+01
-5.940053e-01 -3.414044e-01 7.284229e-01 2.219751e+02 -2.491947e-01 9.390303e-01 2.369036e-01 2.642887e+01 -7.648924e-01 -4.079726e-02 -6.428660e-01 -7.107629e+01
-5.959649e-01 -3.410929e-01 7.269667e-01 2.221849e+02 -2.496265e-01 9.391425e-01 2.360028e-01 2.649071e+01 -7.632254e-01 -4.082096e-02 -6.448426e-01 -7.151630e+01
-5.985562e-01 -3.415857e-01 7.246026e-01 2.220737e+02 -2.496715e-01 9.390242e-01 2.364258e-01 2.644087e+01 -7.611802e-01 -3.939864e-02 -6.473438e-01 -7.146744e+01
-5.986425e-01 -3.420834e-01 7.242964e-01 2.208770e+02 -2.490949e-01 9.388922e-01 2.375555e-01 2.605643e+01 -7.613013e-01 -3.820783e-02 -6.472728e-01 -7.096970e+01
-5.998325e-01 -3.418429e-01 7.234249e-01 2.218534e+02 -2.487938e-01 9.390055e-01 2.374230e-01 2.633028e+01 -7.604626e-01 -3.756968e-02 -6.482952e-01 -7.194563e+01
-6.013137e-01 -3.414495e-01 7.223803e-01 2.214745e+02 -2.486063e-01 9.391677e-01 2.369775e-01 2.621769e+01 -7.593534e-01 -3.709060e-02 -6.496216e-01 -7.130965e+01
-6.022310e-01 -3.410138e-01 7.218217e-01 2.217227e+02 -2.485893e-01 9.393260e-01 2.363671e-01 2.630005e+01 -7.586316e-01 -3.708970e-02 -6.504644e-01 -7.172059e+01
-6.042162e-01 -3.416834e-01 7.198433e-01 2.229115e+02 -2.481144e-01 9.391595e-01 2.375246e-01 2.668806e+01 -7.572073e-01 -3.508747e-02 -6.522326e-01 -7.262543e+01
-6.058409e-01 -3.427367e-01 7.179746e-01 2.235397e+02 -2.473172e-01 9.388697e-01 2.394933e-01 2.686571e+01 -7.561691e-01 -3.247277e-02 -6.535711e-01 -7.319315e+01
-6.079004e-01 -3.432417e-01 7.159898e-01 2.249111e+02 -2.462366e-01 9.387734e-01 2.409795e-01 2.729375e+01 -7.548679e-01 -2.981152e-02 -6.552002e-01 -7.451657e+01
-6.078446e-01 -3.427982e-01 7.162496e-01 2.209725e+02 -2.476841e-01 9.388620e-01 2.391440e-01 2.598683e+01 -7.544391e-01 -3.204141e-02 -6.555887e-01 -7.240189e+01
-6.094810e-01 -3.429165e-01 7.148010e-01 2.212485e+02 -2.527606e-01 9.386132e-01 2.347690e-01 2.606523e+01 -7.514292e-01 -3.758648e-02 -6.587434e-01 -7.275404e+01
-6.116581e-01 -3.439774e-01 7.124277e-01 2.233090e+02 -2.571975e-01 9.380703e-01 2.321050e-01 2.672239e+01 -7.481475e-01 -4.126589e-02 -6.622492e-01 -7.428049e+01
-6.125960e-01 -3.443339e-01 7.114489e-01 2.247973e+02 -2.578840e-01 9.379331e-01 2.318979e-01 2.720123e+01 -7.471431e-01 -4.141169e-02 -6.633730e-01 -7.574136e+01
-6.132316e-01 -3.454992e-01 7.103356e-01 2.229730e+02 -2.606122e-01 9.374104e-01 2.309597e-01 2.657741e+01 -7.456737e-01 -4.349051e-02 -6.648916e-01 -7.447479e+01
-6.145157e-01 -3.468826e-01 7.085494e-01 2.261165e+02 -2.641293e-01 9.367748e-01 2.295384e-01 2.756966e+01 -7.433754e-01 -4.609381e-02 -6.672853e-01 -7.675494e+01
-6.168836e-01 -3.477072e-01 7.060834e-01 2.261067e+02 -2.657842e-01 9.364523e-01 2.289436e-01 2.751312e+01 -7.408199e-01 -4.643439e-02 -6.700978e-01 -7.684872e+01
-6.213518e-01 -3.491697e-01 7.014285e-01 2.239872e+02 -2.669058e-01 9.359965e-01 2.295020e-01 2.680740e+01 -7.366709e-01 -4.461399e-02 -6.747792e-01 -7.504349e+01
-6.229956e-01 -3.498344e-01 6.996370e-01 2.242937e+02 -2.642817e-01 9.359590e-01 2.326697e-01 2.690679e+01 -7.362285e-01 -3.994915e-02 -6.755539e-01 -7.515066e+01
-6.244294e-01 -3.510022e-01 6.977715e-01 2.246279e+02 -2.600760e-01 9.357975e-01 2.379975e-01 2.700490e+01 -7.365115e-01 -3.286112e-02 -6.756275e-01 -7.529534e+01
-6.254287e-01 -3.513304e-01 6.967104e-01 2.277250e+02 -2.555635e-01 9.358796e-01 2.425201e-01 2.805096e+01 -7.372428e-01 -2.637481e-02 -6.751139e-01 -7.798441e+01
-6.228268e-01 -3.529227e-01 6.982349e-01 2.265704e+02 -2.595146e-01 9.351388e-01 2.411784e-01 2.767350e+01 -7.380649e-01 -3.098989e-02 -6.740188e-01 -7.645202e+01
