1.000000e+00 0.000000e+00 0.000000e+00 0.000000e+00 0.000000e+00 1.000000e+00 0.000000e+00 0.000000e+00 0.000000e+00 0.000000e+00 1.000000e+00 0.000000e+00
9.999975e-01 6.732843e-04 2.134970e-03 -1.456147e-01 -6.807555e-04 9.999936e-01 3.500652e-03 -1.223281e-01 -2.132600e-03 -3.502097e-03 9.999916e-01 1.324311e+00
9.999995e-01 3.543801e-04 1.012567e-03 -1.224703e-01 -3.585190e-04 9.999915e-01 4.090286e-03 -2.509007e-01 -1.011109e-03 -4.090647e-03 9.999911e-01 3.388250e+00
9.999976e-01 -7.460566e-04 2.092974e-03 -1.596144e-01 7.390173e-04 9.999940e-01 3.362056e-03 -2.588907e-01 -2.095470e-03 -3.360501e-03 9.999922e-01 4.150661e+00
9.999991e-01 -2.184811e-04 1.300545e-03 -4.330374e-02 2.128515e-04 9.999906e-01 4.327195e-03 -3.579612e-01 -1.301478e-03 -4.326914e-03 9.999899e-01 5.566377e+00
9.999976e-01 -2.575321e-05 2.184971e-03 -3.132210e-02 1.285115e-05 9.999826e-01 5.904732e-03 -4.136916e-01 -2.185085e-03 -5.904690e-03 9.999803e-01 6.327783e+00
9.999960e-01 -1.331810e-03 2.468599e-03 -4.145609e-02 1.313820e-03 9.999727e-01 7.274827e-03 -4.261127e-01 -2.478221e-03 -7.271554e-03 9.999706e-01 7.515004e+00
9.999981e-01 -4.841664e-04 1.858349e-03 -1.811995e-02 4.686115e-04 9.999650e-01 8.361682e-03 -4.987222e-01 -1.862332e-03 -8.360796e-03 9.999634e-01 9.000966e+00
9.999897e-01 6.258892e-04 4.484701e-03 -2.216219e-01 -6.593909e-04 9.999719e-01 7.472639e-03 -5.506861e-01 -4.479898e-03 -7.475519e-03 9.999622e-01 1.003799e+01
9.999830e-01 3.306196e-03 4.783976e-03 -2.303775e-01 -3.332780e-03 9.999790e-01 5.559756e-03 -5.829369e-01 -4.765494e-03 -5.575605e-03 9.999732e-01 1.137838e+01
9.999573e-01 7.123811e-03 5.881622e-03 -2.696743e-01 -7.158546e-03 9.999569e-01 5.905768e-03 -6.283910e-01 -5.839298e-03 -5.947619e-03 9.999654e-01 1.249251e+01
9.999671e-01 5.772132e-03 5.679451e-03 -2.398474e-01 -5.810020e-03 9.999608e-01 6.677424e-03 -6.118414e-01 -5.640686e-03 -6.710202e-03 9.999617e-01 1.342280e+01
9.999630e-01 6.101722e-03 6.034512e-03 -2.320663e-01 -6.150632e-03 9.999481e-01 8.119960e-03 -6.331226e-01 -5.984653e-03 -8.156777e-03 9.999489e-01 1.458187e+01
9.999763e-01 3.129342e-03 6.102921e-03 -1.549223e-01 -3.196164e-03 9.999348e-01 1.097038e-02 -6.205951e-01 -6.068193e-03 -1.098963e-02 9.999213e-01 1.566984e+01
9.999812e-01 -2.045786e-03 5.769985e-03 -3.952824e-02 1.969407e-03 9.999108e-01 1.321230e-02 -6.382152e-01 -5.796500e-03 -1.320069e-02 9.998962e-01 1.673922e+01
9.999868e-01 -2.477826e-03 4.467181e-03 8.986355e-02 2.426943e-03 9.999326e-01 1.136041e-02 -7.014068e-01 -4.495029e-03 -1.134942e-02 9.999256e-01 1.817961e+01
9.999795e-01 -2.084187e-03 6.033104e-03 9.839267e-02 2.028531e-03 9.999555e-01 9.216697e-03 -6.646357e-01 -6.052045e-03 -9.204271e-03 9.999394e-01 1.877751e+01
9.999681e-01 2.889357e-03 7.429064e-03 9.961632e-02 -2.951139e-03 9.999611e-01 8.318660e-03 -7.692931e-01 -7.404740e-03 -8.340320e-03 9.999379e-01 2.010529e+01
9.998906e-01 9.614496e-03 1.123389e-02 -5.743335e-02 -9.744151e-03 9.998860e-01 1.154401e-02 -9.135826e-01 -1.112162e-02 -1.165222e-02 9.998703e-01 2.096056e+01
9.998424e-01 1.204461e-02 1.303429e-02 -9.134321e-02 -1.224887e-02 9.998018e-01 1.570562e-02 -9.858821e-01 -1.284254e-02 -1.586281e-02 9.997917e-01 2.209598e+01
9.998685e-01 9.323508e-03 1.326000e-02 1.026287e-01 -9.557583e-03 9.997978e-01 1.770019e-02 -9.350495e-01 -1.309229e-02 -1.782460e-02 9.997554e-01 2.259173e+01
9.999032e-01 2.650816e-03 1.365068e-02 5.868681e-02 -2.877821e-03 9.998575e-01 1.663688e-02 -9.523708e-01 -1.360464e-02 -1.667455e-02 9.997684e-01 2.387270e+01
9.999100e-01 3.107531e-03 1.304157e-02 1.654557e-01 -3.299474e-03 9.998863e-01 1.472211e-02 -9.847397e-01 -1.299433e-02 -1.476382e-02 9.998066e-01 2.503437e+01
9.999019e-01 3.597164e-03 1.352691e-02 3.762307e-01 -3.774798e-03 9.999068e-01 1.312935e-02 -9.881960e-01 -1.347843e-02 -1.317913e-02 9.998223e-01 2.563800e+01
9.998574e-01 6.852151e-03 1.542243e-02 3.181769e-01 -7.050021e-03 9.998932e-01 1.281238e-02 -1.023470e+00 -1.533299e-02 -1.291928e-02 9.997990e-01 2.694186e+01
9.998388e-01 6.825523e-03 1.659558e-02 3.676007e-01 -7.007475e-03 9.999159e-01 1.093057e-02 -1.004502e+00 -1.651957e-02 -1.104511e-02 9.998026e-01 2.786015e+01
9.997846e-01 7.995128e-03 1.914044e-02 2.171761e-01 -8.224676e-03 9.998950e-01 1.194433e-02 -1.037521e+00 -1.904294e-02 -1.209919e-02 9.997455e-01 2.894557e+01
9.997357e-01 9.648506e-03 2.086264e-02 7.034875e-02 -9.933122e-03 9.998585e-01 1.358209e-02 -1.117866e+00 -2.072864e-02 -1.378573e-02 9.996902e-01 3.043247e+01
9.997012e-01 1.252836e-02 2.098028e-02 1.712182e-01 -1.285278e-02 9.997989e-01 1.540024e-02 -1.141345e+00 -2.078312e-02 -1.566529e-02 9.996614e-01 3.111194e+01
9.996501e-01 1.572885e-02 2.125723e-02 2.346548e-01 -1.606594e-02 9.997464e-01 1.578097e-02 -1.144827e+00 -2.100362e-02 -1.611697e-02 9.996496e-01 3.226559e+01
9.995643e-01 1.942155e-02 2.221514e-02 2.816970e-01 -1.977436e-02 9.996801e-01 1.577360e-02 -1.178444e+00 -2.190168e-02 -1.620602e-02 9.996288e-01 3.329423e+01
9.995002e-01 2.290951e-02 2.177776e-02 4.045987e-01 -2.326347e-02 9.995991e-01 1.614094e-02 -1.185730e+00 -2.139925e-02 -1.663950e-02 9.996325e-01 3.452821e+01
9.994374e-01 2.437714e-02 2.302837e-02 3.409504e-01 -2.476130e-02 9.995565e-01 1.654650e-02 -1.217269e+00 -2.261480e-02 -1.710741e-02 9.995978e-01 3.555774e+01
9.994372e-01 2.362540e-02 2.380669e-02 2.861764e-01 -2.403060e-02 9.995687e-01 1.688011e-02 -1.242095e+00 -2.339763e-02 -1.744270e-02 9.995741e-01 3.670556e+01
9.994454e-01 2.375739e-02 2.332525e-02 3.804882e-01 -2.414562e-02 9.995722e-01 1.650598e-02 -1.236293e+00 -2.292314e-02 -1.706003e-02 9.995917e-01 3.773344e+01
9.994469e-01 2.395912e-02 2.305244e-02 4.573751e-01 -2.435250e-02 9.995599e-01 1.693761e-02 -1.224571e+00 -2.263649e-02 -1.748963e-02 9.995908e-01 3.850544e+01
9.994271e-01 2.447427e-02 2.337026e-02 3.410130e-01 -2.490768e-02 9.995196e-01 1.843749e-02 -1.266001e+00 -2.290779e-02 -1.900903e-02 9.995569e-01 4.011061e+01
9.993689e-01 2.566310e-02 2.455210e-02 2.915625e-01 -2.613552e-02 9.994755e-01 1.911767e-02 -1.295830e+00 -2.404861e-02 -1.974729e-02 9.995158e-01 4.104668e+01
9.993429e-01 2.709061e-02 2.407380e-02 3.314688e-01 -2.757860e-02 9.994159e-01 2.017489e-02 -1.355593e+00 -2.351319e-02 -2.082555e-02 9.995067e-01 4.213566e+01
9.992972e-01 2.888879e-02 2.387625e-02 4.616783e-01 -2.940942e-02 9.993307e-01 2.174932e-02 -1.384569e+00 -2.323196e-02 -2.243622e-02 9.994784e-01 4.259858e+01
9.992982e-01 2.853323e-02 2.425873e-02 4.119542e-01 -2.909760e-02 9.993063e-01 2.323900e-02 -1.426406e+00 -2.357882e-02 -2.392856e-02 9.994357e-01 4.388348e+01
9.993460e-01 2.776822e-02 2.315579e-02 5.542632e-01 -2.832345e-02 9.993104e-01 2.400453e-02 -1.485251e+00 -2.247326e-02 -2.464468e-02 9.994438e-01 4.517613e+01
9.994892e-01 2.444974e-02 2.056928e-02 9.697000e-01 -2.493996e-02 9.994025e-01 2.392326e-02 -1.459365e+00 -1.997207e-02 -2.442404e-02 9.995023e-01 4.537562e+01
9.995304e-01 2.250191e-02 2.078588e-02 1.068174e+00 -2.301169e-02 9.994318e-01 2.462055e-02 -1.453781e+00 -2.022006e-02 -2.508731e-02 9.994809e-01 4.612756e+01
9.995901e-01 2.011656e-02 2.035821e-02 1.237338e+00 -2.064086e-02 9.994517e-01 2.587977e-02 -1.477484e+00 -1.982645e-02 -2.628938e-02 9.994579e-01 4.713274e+01
9.995362e-01 1.971792e-02 2.319673e-02 1.008557e+00 -2.034350e-02 9.994268e-01 2.704886e-02 -1.523662e+00 -2.265009e-02 -2.750822e-02 9.993651e-01 4.850457e+01
9.995500e-01 1.824623e-02 2.379519e-02 1.133879e+00 -1.889575e-02 9.994466e-01 2.736332e-02 -1.558292e+00 -2.328275e-02 -2.780063e-02 9.993424e-01 4.914067e+01
9.994262e-01 1.717655e-02 2.918160e-02 7.569152e-01 -1.794114e-02 9.994968e-01 2.614471e-02 -1.463970e+00 -2.871786e-02 -2.665326e-02 9.992323e-01 4.937415e+01
9.993750e-01 1.896315e-02 2.982237e-02 8.136751e-01 -1.976269e-02 9.994465e-01 2.674776e-02 -1.586783e+00 -2.929867e-02 -2.732042e-02 9.991974e-01 5.071316e+01
9.993091e-01 2.105003e-02 3.062185e-02 7.970011e-01 -2.188271e-02 9.993924e-01 2.711651e-02 -1.672367e+00 -3.003246e-02 -2.776787e-02 9.991632e-01 5.256453e+01
9.992232e-01 2.330689e-02 3.176942e-02 8.782772e-01 -2.422631e-02 9.992893e-01 2.886964e-02 -1.659531e+00 -3.107401e-02 -2.961687e-02 9.990782e-01 5.277746e+01
9.990549e-01 2.704374e-02 3.402090e-02 8.192834e-01 -2.809467e-02 9.991303e-01 3.080155e-02 -1.712139e+00 -3.315835e-02 -3.172825e-02 9.989464e-01 5.361242e+01
9.988639e-01 3.100761e-02 3.617780e-02 7.567670e-01 -3.215047e-02 9.989879e-01 3.144822e-02 -1.698527e+00 -3.516607e-02 -3.257562e-02 9.988504e-01 5.416980e+01
9.987006e-01 3.456772e-02 3.743917e-02 7.919882e-01 -3.575607e-02 9.988621e-01 3.155066e-02 -1.689837e+00 -3.630596e-02 -3.284834e-02 9.988008e-01 5.489576e+01
9.984371e-01 3.849383e-02 4.050877e-02 6.615911e-01 -3.978629e-02 9.987082e-01 3.159820e-02 -1.707824e+00 -3.924013e-02 -3.316052e-02 9.986795e-01 5.592757e+01
9.982896e-01 4.115122e-02 4.151958e-02 7.246543e-01 -4.250435e-02 9.985753e-01 3.225142e-02 -1.784490e+00 -4.013328e-02 -3.396102e-02 9.986171e-01 5.706800e+01
9.982126e-01 4.203201e-02 4.247677e-02 7.093393e-01 -4.347369e-02 9.984888e-01 3.360664e-02 -1.866385e+00 -4.100006e-02 -3.539320e-02 9.985321e-01 5.849653e+01
9.981845e-01 4.144535e-02 4.369638e-02 6.710392e-01 -4.294821e-02 9.984970e-01 3.403446e-02 -1.917445e+00 -4.222017e-02 -3.584935e-02 9.984649e-01 5.957440e+01
9.982071e-01 3.992009e-02 4.459042e-02 8.425055e-01 -4.143910e-02 9.985729e-01 3.367744e-02 -1.891627e+00 -4.318242e-02 -3.546485e-02 9.984375e-01 5.938282e+01
9.982325e-01 3.852215e-02 4.524556e-02 9.077474e-01 -4.008339e-02 9.986132e-01 3.412098e-02 -1.870763e+00 -4.386844e-02 -3.587427e-02 9.983930e-01 5.982398e+01
9.982575e-01 3.788591e-02 4.523124e-02 8.460826e-01 -3.947997e-02 9.986108e-01 3.488526e-02 -1.926355e+00 -4.384679e-02 -3.661020e-02 9.983672e-01 6.165199e+01
9.981862e-01 3.839701e-02 4.635874e-02 7.726897e-01 -4.004092e-02 9.985820e-01 3.506861e-02 -1.970859e+00 -4.494653e-02 -3.686126e-02 9.983090e-01 6.264074e+01
9.981731e-01 3.767565e-02 4.722577e-02 7.167822e-01 -3.939964e-02 9.985700e-01 3.612185e-02 -1.973152e+00 -4.579737e-02 -3.791654e-02 9.982308e-01 6.318999e+01
9.982259e-01 3.684118e-02 4.676463e-02 6.822624e-01 -3.862118e-02 9.985402e-01 3.774760e-02 -2.032974e+00 -4.530575e-02 -3.948675e-02 9.981924e-01 6.460954e+01
9.983254e-01 3.396250e-02 4.681953e-02 6.777237e-01 -3.580459e-02 9.985937e-01 3.908399e-02 -2.012758e+00 -4.542636e-02 -4.069491e-02 9.981384e-01 6.540999e+01
9.984788e-01 3.175708e-02 4.506245e-02 8.689415e-01 -3.358085e-02 9.986223e-01 4.030938e-02 -2.038348e+00 -4.372032e-02 -4.176132e-02 9.981704e-01 6.609764e+01
9.985136e-01 3.061509e-02 4.508112e-02 9.054631e-01 -3.245462e-02 9.986455e-01 4.065461e-02 -2.052903e+00 -4.377547e-02 -4.205729e-02 9.981556e-01 6.686046e+01
9.985689e-01 2.829035e-02 4.537535e-02 9.073080e-01 -3.014607e-02 9.987141e-01 4.074809e-02 -2.040953e+00 -4.416428e-02 -4.205769e-02 9.981384e-01 6.770322e+01
9.985712e-01 2.758978e-02 4.575427e-02 9.843108e-01 -2.947955e-02 9.987173e-01 4.115541e-02 -2.086294e+00 -4.456017e-02 -4.244544e-02 9.981044e-01 6.826272e+01
9.986031e-01 2.733636e-02 4.520750e-02 9.807847e-01 -2.919975e-02 9.987283e-01 4.108527e-02 -2.117044e+00 -4.402694e-02 -4.234795e-02 9.981322e-01 7.021989e+01
9.986045e-01 2.628053e-02 4.579993e-02 1.084998e+00 -2.816261e-02 9.987639e-01 4.094455e-02 -2.097874e+00 -4.466733e-02 -4.217728e-02 9.981109e-01 7.067628e+01
9.985530e-01 2.631918e-02 4.688824e-02 1.025661e+00 -2.822408e-02 9.987828e-01 4.043841e-02 -2.074100e+00 -4.576693e-02 -4.170330e-02 9.980811e-01 7.186297e+01
9.984368e-01 2.819761e-02 4.824994e-02 9.740943e-01 -3.019427e-02 9.986955e-01 4.116554e-02 -2.100132e+00 -4.702630e-02 -4.255809e-02 9.979864e-01 7.304306e+01
9.983209e-01 2.914354e-02 5.005202e-02 9.068193e-01 -3.128973e-02 9.985996e-01 4.264465e-02 -2.083213e+00 -4.873919e-02 -4.413919e-02 9.978355e-01 7.391532e+01
9.982403e-01 3.043292e-02 5.088632e-02 9.777639e-01 -3.268481e-02 9.984952e-01 4.402286e-02 -2.048293e+00 -4.947008e-02 -4.560862e-02 9.977334e-01 7.451290e+01
9.982305e-01 3.000478e-02 5.133157e-02 1.039609e+00 -3.222730e-02 9.985532e-01 4.303185e-02 -2.027984e+00 -4.996622e-02 -4.461000e-02 9.977539e-01 7.587572e+01
9.982020e-01 3.064943e-02 5.150301e-02 1.145468e+00 -3.277678e-02 9.986216e-01 4.098132e-02 -2.033421e+00 -5.017605e-02 -4.259576e-02 9.978313e-01 7.693967e+01
9.982048e-01 2.956354e-02 5.208137e-02 1.173949e+00 -3.166087e-02 9.987007e-01 3.991625e-02 -2.001874e+00 -5.083372e-02 -4.149356e-02 9.978445e-01 7.789316e+01
9.982556e-01 2.707456e-02 5.245854e-02 1.196107e+00 -2.926810e-02 9.987088e-01 4.150753e-02 -2.014650e+00 -5.126708e-02 -4.297051e-02 9.977598e-01 7.935390e+01
9.982340e-01 2.436402e-02 5.416980e-02 1.144148e+00 -2.675682e-02 9.986772e-01 4.389471e-02 -2.019332e+00 -5.302877e-02 -4.526663e-02 9.975661e-01 8.069356e+01
9.982188e-01 2.314170e-02 5.498056e-02 1.183308e+00 -2.563008e-02 9.986578e-01 4.499378e-02 -2.072174e+00 -5.386562e-02 -4.632282e-02 9.974728e-01 8.244588e+01
9.982385e-01 2.079283e-02 5.555834e-02 1.374597e+00 -2.323650e-02 9.987736e-01 4.370599e-02 -2.012654e+00 -5.458152e-02 -4.492001e-02 9.974980e-01 8.290791e+01
9.980747e-01 2.327446e-02 5.748281e-02 1.231032e+00 -2.568796e-02 9.988030e-01 4.161048e-02 -2.022919e+00 -5.644562e-02 -4.300701e-02 9.974785e-01 8.447659e+01
9.979817e-01 2.498532e-02 5.837347e-02 1.319127e+00 -2.732640e-02 9.988390e-01 3.965713e-02 -2.006403e+00 -5.731494e-02 -4.117225e-02 9.975063e-01 8.578467e+01
9.978206e-01 2.726191e-02 6.008363e-02 1.498296e+00 -2.967186e-02 9.987747e-01 3.958936e-02 -1.946504e+00 -5.893082e-02 -4.128590e-02 9.974074e-01 8.590703e+01
9.976236e-01 2.965759e-02 6.218232e-02 1.492556e+00 -3.229477e-02 9.986014e-01 4.184315e-02 -1.992179e+00 -6.085449e-02 -4.375191e-02 9.971868e-01 8.727446e+01
9.974806e-01 3.033536e-02 6.412021e-02 1.478104e+00 -3.321373e-02 9.984648e-01 4.431121e-02 -2.006491e+00 -6.267768e-02 -4.632928e-02 9.969574e-01 8.842651e+01
9.973840e-01 2.953069e-02 6.597134e-02 1.492574e+00 -3.251933e-02 9.984704e-01 4.469704e-02 -1.966224e+00 -6.455060e-02 -4.672548e-02 9.968194e-01 8.937141e+01
9.972196e-01 3.069694e-02 6.789549e-02 1.500477e+00 -3.375173e-02 9.984467e-01 4.431238e-02 -1.967223e+00 -6.642988e-02 -4.648079e-02 9.967073e-01 9.040684e+01
9.969720e-01 3.338606e-02 7.022280e-02 1.480778e+00 -3.651823e-02 9.983718e-01 4.380242e-02 -1.965882e+00 -6.864617e-02 -4.623423e-02 9.965686e-01 9.144955e+01
9.968242e-01 3.515377e-02 7.144726e-02 1.497544e+00 -3.835910e-02 9.982942e-01 4.399689e-02 -1.998370e+00 -6.977883e-02 -4.659784e-02 9.964730e-01 9.333370e+01
9.965577e-01 3.705895e-02 7.415117e-02 1.415231e+00 -4.033457e-02 9.982523e-01 4.317567e-02 -2.011628e+00 -7.242163e-02 -4.601793e-02 9.963114e-01 9.431773e+01
9.964842e-01 3.764526e-02 7.483897e-02 1.504490e+00 -4.090523e-02 9.982575e-01 4.251457e-02 -1.999725e+00 -7.310819e-02 -4.542644e-02 9.962884e-01 9.591363e+01
9.963697e-01 3.661190e-02 7.684875e-02 1.520108e+00 -3.995756e-02 9.982982e-01 4.245868e-02 -1.962707e+00 -7.516357e-02 -4.537527e-02 9.961377e-01 9.727553e+01
9.962034e-01 3.629829e-02 7.911941e-02 1.599248e+00 -3.981253e-02 9.982678e-01 4.330098e-02 -1.904684e+00 -7.741071e-02 -4.628657e-02 9.959236e-01 9.739281e+01
9.962096e-01 3.441752e-02 7.987875e-02 1.727982e+00 -3.806182e-02 9.982808e-01 4.455731e-02 -1.900519e+00 -7.820796e-02 -4.742879e-02 9.958076e-01 9.862174e+01
9.962034e-01 3.365227e-02 8.028034e-02 1.826241e+00 -3.735346e-02 9.982851e-01 4.505547e-02 -1.881025e+00 -7.862654e-02 -4.788320e-02 9.957529e-01 9.993039e+01
9.961655e-01 3.156121e-02 8.158876e-02 1.957837e+00 -3.533193e-02 9.983525e-01 4.519279e-02 -1.804228e+00 -8.002811e-02 -4.790223e-02 9.956403e-01 9.953434e+01
9.962278e-01 3.010088e-02 8.138017e-02 2.020073e+00 -3.395154e-02 9.983471e-01 4.635420e-02 -1.834099e+00 -7.985047e-02 -4.894237e-02 9.956040e-01 1.013667e+02
9.964201e-01 2.817859e-02 7.969608e-02 2.180541e+00 -3.193614e-02 9.984173e-01 4.627323e-02 -1.843408e+00 -7.826616e-02 -4.865282e-02 9.957440e-01 1.034469e+02
9.965060e-01 2.674228e-02 7.911532e-02 2.283154e+00 -3.046645e-02 9.984645e-01 4.624593e-02 -1.809190e+00 -7.775725e-02 -4.849476e-02 9.957916e-01 1.042972e+02
9.964294e-01 2.538778e-02 8.051385e-02 2.056294e+00 -2.926535e-02 9.984486e-01 4.735123e-02 -1.804260e+00 -7.918693e-02 -4.953848e-02 9.956275e-01 1.063178e+02
9.962819e-01 2.433521e-02 8.263666e-02 1.725626e+00 -2.832563e-02 9.984703e-01 4.746430e-02 -1.785700e+00 -8.135533e-02 -4.962861e-02 9.954481e-01 1.084290e+02
9.963450e-01 2.323339e-02 8.219178e-02 1.833899e+00 -2.725682e-02 9.984661e-01 4.817290e-02 -1.785576e+00 -8.094662e-02 -5.023718e-02 9.954509e-01 1.088325e+02
9.964073e-01 2.321819e-02 8.143741e-02 1.906336e+00 -2.730810e-02 9.984012e-01 4.947223e-02 -1.923534e+00 -8.015868e-02 -5.151846e-02 9.954492e-01 1.100814e+02
9.965581e-01 2.348750e-02 7.949145e-02 2.154035e+00 -2.749772e-02 9.983829e-01 4.973516e-02 -1.949164e+00 -7.819489e-02 -5.174987e-02 9.955934e-01 1.110310e+02
9.966807e-01 2.141934e-02 7.853257e-02 2.250108e+00 -2.523808e-02 9.985294e-01 4.796013e-02 -1.961227e+00 -7.738995e-02 -4.978301e-02 9.957566e-01 1.123721e+02
9.966186e-01 1.594158e-02 8.059727e-02 2.010691e+00 -1.982875e-02 9.986658e-01 4.766102e-02 -1.931120e+00 -7.973009e-02 -4.909806e-02 9.956059e-01 1.136507e+02
9.966960e-01 8.016152e-03 8.081806e-02 2.133163e+00 -1.215406e-02 9.986320e-01 5.083862e-02 -1.924787e+00 -8.030011e-02 -5.165298e-02 9.954308e-01 1.136048e+02
9.968883e-01 8.864030e-04 7.881465e-02 2.345263e+00 -5.040032e-03 9.986064e-01 5.251745e-02 -1.872065e+00 -7.865840e-02 -5.275131e-02 9.955043e-01 1.146125e+02
9.967175e-01 -1.439985e-03 8.093845e-02 2.029131e+00 -2.618424e-03 9.987442e-01 5.001292e-02 -1.935928e+00 -8.090898e-02 -5.006074e-02 9.954628e-01 1.166355e+02
9.966516e-01 -1.347314e-03 8.174568e-02 2.152630e+00 -2.525817e-03 9.988787e-01 4.725786e-02 -1.871507e+00 -8.171783e-02 -4.730615e-02 9.955315e-01 1.173661e+02
9.964708e-01 1.529786e-03 8.391800e-02 2.169344e+00 -5.356995e-03 9.989537e-01 4.539989e-02 -1.830237e+00 -8.376089e-02 -4.568927e-02 9.954372e-01 1.180814e+02
9.963199e-01 1.441237e-03 8.569225e-02 2.122337e+00 -5.372213e-03 9.989418e-01 4.565986e-02 -1.822954e+00 -8.553591e-02 -4.595223e-02 9.952741e-01 1.196173e+02
9.962941e-01 -2.522013e-03 8.596626e-02 2.392784e+00 -1.736354e-03 9.987755e-01 4.942414e-02 -1.778111e+00 -8.598579e-02 -4.939031e-02 9.950706e-01 1.198780e+02
9.959348e-01 -7.524316e-03 8.975358e-02 2.073874e+00 2.806415e-03 9.986122e-01 5.257542e-02 -1.789154e+00 -9.002476e-02 -5.210987e-02 9.945746e-01 1.218815e+02
9.957891e-01 -9.754249e-03 9.114414e-02 2.096535e+00 4.774156e-03 9.984907e-01 5.469838e-02 -1.849485e+00 -9.154028e-02 -5.403299e-02 9.943336e-01 1.228361e+02
9.957089e-01 -9.491410e-03 9.204351e-02 2.199816e+00 4.384315e-03 9.984466e-01 5.552948e-02 -1.916567e+00 -9.242774e-02 -5.488772e-02 9.942046e-01 1.237698e+02
9.954525e-01 -7.220998e-03 9.497765e-02 2.150297e+00 1.852109e-03 9.984003e-01 5.649460e-02 -1.898545e+00 -9.523383e-02 -5.606184e-02 9.938743e-01 1.247388e+02
9.951451e-01 -5.188181e-03 9.827395e-02 1.965823e+00 -2.891596e-04 9.984501e-01 5.563894e-02 -1.819761e+00 -9.841046e-02 -5.539731e-02 9.936020e-01 1.263746e+02
9.949731e-01 -1.236265e-03 1.001283e-01 2.034325e+00 -4.158275e-03 9.985504e-01 5.364924e-02 -1.790995e+00 -1.000496e-01 -5.379597e-02 9.935263e-01 1.271653e+02
9.948493e-01 2.502696e-03 1.013274e-01 2.137308e+00 -7.922823e-03 9.985557e-01 5.312378e-02 -1.778639e+00 -1.010483e-01 -5.365301e-02 9.934329e-01 1.284037e+02
9.944500e-01 5.386862e-03 1.050663e-01 2.100632e+00 -1.118241e-02 9.984421e-01 5.464968e-02 -1.765479e+00 -1.046084e-01 -5.552132e-02 9.929616e-01 1.283996e+02
9.943902e-01 8.833949e-03 1.053980e-01 2.162267e+00 -1.468762e-02 9.983834e-01 5.489216e-02 -1.819355e+00 -1.047429e-01 -5.613233e-02 9.929131e-01 1.301056e+02
9.943380e-01 1.221114e-02 1.055533e-01 2.210930e+00 -1.784856e-02 9.984537e-01 5.262938e-02 -1.823223e+00 -1.047476e-01 -5.421542e-02 9.930192e-01 1.318867e+02
9.940329e-01 1.790695e-02 1.075946e-01 2.130022e+00 -2.341055e-02 9.984685e-01 5.010754e-02 -1.829842e+00 -1.065327e-01 -5.232744e-02 9.929306e-01 1.327763e+02
9.938154e-01 2.542335e-02 1.080896e-01 2.165454e+00 -3.089030e-02 9.983099e-01 4.920764e-02 -1.888676e+00 -1.066561e-01 -5.224228e-02 9.929218e-01 1.347174e+02
9.934942e-01 3.020496e-02 1.097975e-01 2.227002e+00 -3.592091e-02 9.980790e-01 5.045880e-02 -1.857826e+00 -1.080626e-01 -5.407460e-02 9.926716e-01 1.354359e+02
9.931849e-01 3.561578e-02 1.109678e-01 2.250908e+00 -4.173288e-02 9.977053e-01 5.329823e-02 -1.996645e+00 -1.088151e-01 -5.756606e-02 9.923930e-01 1.381362e+02
9.927631e-01 3.673980e-02 1.143254e-01 2.160056e+00 -4.335878e-02 9.974903e-01 5.595751e-02 -1.974011e+00 -1.119828e-01 -6.050962e-02 9.918654e-01 1.389894e+02
9.927285e-01 3.038928e-02 1.164702e-01 2.024636e+00 -3.720321e-02 9.976922e-01 5.678274e-02 -1.841885e+00 -1.144760e-01 -6.070297e-02 9.915689e-01 1.401207e+02
9.928724e-01 3.125599e-02 1.150050e-01 2.238161e+00 -3.808887e-02 9.976060e-01 5.770342e-02 -1.901641e+00 -1.129263e-01 -6.167261e-02 9.916868e-01 1.411044e+02
9.930328e-01 3.263105e-02 1.132247e-01 2.362162e+00 -3.894833e-02 9.977782e-01 5.403744e-02 -1.916504e+00 -1.112100e-01 -5.807092e-02 9.920980e-01 1.427140e+02
9.929098e-01 3.558638e-02 1.134124e-01 2.363152e+00 -4.149193e-02 9.978789e-01 5.014273e-02 -1.899770e+00 -1.113876e-01 -5.449297e-02 9.922810e-01 1.436519e+02
9.927313e-01 4.172416e-02 1.128820e-01 2.576198e+00 -4.761701e-02 9.976116e-01 5.001988e-02 -1.908897e+00 -1.105256e-01 -5.503147e-02 9.923477e-01 1.443479e+02
9.922053e-01 4.652911e-02 1.155950e-01 2.447794e+00 -5.282920e-02 9.972454e-01 5.204749e-02 -1.984558e+00 -1.128550e-01 -5.774866e-02 9.919310e-01 1.456903e+02
9.918475e-01 4.951529e-02 1.174108e-01 2.520837e+00 -5.639033e-02 9.968377e-01 5.597317e-02 -1.997200e+00 -1.142681e-01 -6.213776e-02 9.915039e-01 1.462277e+02
9.918500e-01 4.983677e-02 1.172534e-01 2.755750e+00 -5.692533e-02 9.966971e-01 5.790183e-02 -1.938015e+00 -1.139806e-01 -6.410469e-02 9.914118e-01 1.474520e+02
9.915621e-01 4.974062e-02 1.197038e-01 2.716449e+00 -5.717318e-02 9.965901e-01 5.947773e-02 -1.938184e+00 -1.163374e-01 -6.581978e-02 9.910257e-01 1.477394e+02
9.915010e-01 4.897575e-02 1.205220e-01 2.797726e+00 -5.660849e-02 9.965461e-01 6.074198e-02 -1.970739e+00 -1.171310e-01 -6.704839e-02 9.908499e-01 1.490801e+02
9.915669e-01 4.627183e-02 1.210478e-01 2.961762e+00 -5.403194e-02 9.966346e-01 6.162960e-02 -1.922364e+00 -1.177890e-01 -6.765040e-02 9.907309e-01 1.494954e+02
9.916319e-01 4.355411e-02 1.215234e-01 3.094518e+00 -5.136721e-02 9.967577e-01 6.191748e-02 -1.888932e+00 -1.184328e-01 -6.764174e-02 9.906548e-01 1.512134e+02
9.914142e-01 4.140374e-02 1.240253e-01 3.053489e+00 -4.963661e-02 9.967111e-01 6.404188e-02 -1.940963e+00 -1.209660e-01 -6.964830e-02 9.902095e-01 1.526553e+02
9.913794e-01 3.820974e-02 1.253223e-01 3.223403e+00 -4.679453e-02 9.967017e-01 6.628804e-02 -1.945861e+00 -1.223763e-01 -7.158106e-02 9.898984e-01 1.526018e+02
9.912333e-01 3.786281e-02 1.265772e-01 3.335944e+00 -4.664223e-02 9.966525e-01 6.713057e-02 -2.005946e+00 -1.236120e-01 -7.244597e-02 9.896818e-01 1.536578e+02
9.911122e-01 4.198333e-02 1.262252e-01 3.553788e+00 -5.033861e-02 9.966947e-01 6.374793e-02 -2.059242e+00 -1.231319e-01 -6.953543e-02 9.899504e-01 1.556523e+02
9.904069e-01 5.127824e-02 1.283099e-01 3.531222e+00 -5.934236e-02 9.964420e-01 5.983349e-02 -2.138700e+00 -1.247855e-01 -6.687378e-02 9.899268e-01 1.567845e+02
9.897563e-01 6.086640e-02 1.291375e-01 3.741400e+00 -6.913540e-02 9.957676e-01 6.054277e-02 -2.154969e+00 -1.249061e-01 -6.885064e-02 9.897760e-01 1.582074e+02
9.887870e-01 6.737117e-02 1.332678e-01 3.594267e+00 -7.646244e-02 9.949952e-01 6.431420e-02 -2.100843e+00 -1.282682e-01 -7.378311e-02 9.889903e-01 1.593488e+02
9.881207e-01 6.932526e-02 1.371510e-01 3.487784e+00 -7.911624e-02 9.945923e-01 6.726868e-02 -2.141391e+00 -1.317462e-01 -7.732054e-02 9.882626e-01 1.601759e+02
9.881718e-01 6.832341e-02 1.372862e-01 3.606921e+00 -7.827186e-02 9.945807e-01 6.841800e-02 -2.149101e+00 -1.318678e-01 -7.835446e-02 9.881649e-01 1.621491e+02
9.882146e-01 6.618571e-02 1.380229e-01 3.636276e+00 -7.628873e-02 9.946783e-01 6.923566e-02 -2.151404e+00 -1.327061e-01 -7.894935e-02 9.880053e-01 1.620135e+02
9.882459e-01 6.575977e-02 1.380024e-01 3.742742e+00 -7.586765e-02 9.947056e-01 6.930484e-02 -2.170528e+00 -1.327145e-01 -7.896022e-02 9.880033e-01 1.635404e+02
9.880260e-01 6.645463e-02 1.392387e-01 3.828972e+00 -7.675339e-02 9.945928e-01 6.994470e-02 -2.159731e+00 -1.338378e-01 -7.979430e-02 9.877846e-01 1.648087e+02
9.877271e-01 6.938769e-02 1.399267e-01 3.978044e+00 -7.988247e-02 9.942837e-01 7.082983e-02 -2.165146e+00 -1.342123e-01 -8.113831e-02 9.876243e-01 1.657567e+02
9.873537e-01 7.256852e-02 1.409441e-01 4.119074e+00 -8.339302e-02 9.938772e-01 7.246965e-02 -2.187488e+00 -1.348224e-01 -8.330702e-02 9.873605e-01 1.667527e+02
9.871635e-01 7.459195e-02 1.412204e-01 4.334028e+00 -8.556095e-02 9.936351e-01 7.325725e-02 -2.251367e+00 -1.348574e-01 -8.439990e-02 9.872630e-01 1.675412e+02
9.871556e-01 7.495622e-02 1.410831e-01 4.526999e+00 -8.590337e-02 9.936123e-01 7.316619e-02 -2.242230e+00 -1.346979e-01 -8.434600e-02 9.872894e-01 1.689480e+02
9.870405e-01 7.484876e-02 1.419424e-01 4.636413e+00 -8.592631e-02 9.935796e-01 7.358267e-02 -2.226757e+00 -1.355237e-01 -8.482574e-02 9.871352e-01 1.701907e+02
9.869311e-01 7.634736e-02 1.419046e-01 4.853908e+00 -8.751531e-02 9.933954e-01 7.419374e-02 -2.218662e+00 -1.353031e-01 -8.564301e-02 9.870949e-01 1.711382e+02
9.867423e-01 7.786674e-02 1.423911e-01 4.959084e+00 -8.911942e-02 9.932352e-01 7.442793e-02 -2.190496e+00 -1.356326e-01 -8.613108e-02 9.870073e-01 1.730126e+02
9.866422e-01 7.732820e-02 1.433751e-01 5.096326e+00 -8.867385e-02 9.932696e-01 7.450086e-02 -2.121440e+00 -1.366494e-01 -8.621938e-02 9.868593e-01 1.729633e+02
9.862692e-01 7.918870e-02 1.449174e-01 5.069326e+00 -9.072047e-02 9.930646e-01 7.476854e-02 -2.102025e+00 -1.379918e-01 -8.688895e-02 9.866138e-01 1.747437e+02
9.861928e-01 7.961556e-02 1.452033e-01 5.209051e+00 -9.124193e-02 9.929812e-01 7.524163e-02 -2.082709e+00 -1.381940e-01 -8.745145e-02 9.865357e-01 1.760020e+02
9.859998e-01 8.163974e-02 1.453902e-01 5.383332e+00 -9.336611e-02 9.927461e-01 7.573674e-02 -2.064991e+00 -1.381527e-01 -8.825100e-02 9.864703e-01 1.771530e+02
9.857950e-01 8.184543e-02 1.466576e-01 5.405766e+00 -9.376343e-02 9.926675e-01 7.627406e-02 -2.070201e+00 -1.393398e-01 -8.894178e-02 9.862412e-01 1.775196e+02
9.856126e-01 8.215352e-02 1.477078e-01 5.511464e+00 -9.418506e-02 9.926190e-01 7.638578e-02 -2.050740e+00 -1.403425e-01 -8.919873e-02 9.860758e-01 1.786433e+02
9.855374e-01 8.213860e-02 1.482171e-01 5.677686e+00 -9.430107e-02 9.925622e-01 7.697833e-02 -2.012750e+00 -1.407921e-01 -8.984213e-02 9.859533e-01 1.799799e+02
9.852904e-01 8.192115e-02 1.499688e-01 5.672278e+00 -9.440569e-02 9.924643e-01 7.810396e-02 -2.011260e+00 -1.424406e-01 -9.111306e-02 9.855998e-01 1.806816e+02
9.852276e-01 8.262730e-02 1.499938e-01 5.878650e+00 -9.520805e-02 9.923391e-01 7.871828e-02 -1.942740e+00 -1.423407e-01 -9.183611e-02 9.855472e-01 1.832830e+02
9.851459e-01 8.322950e-02 1.501972e-01 6.043368e+00 -9.579838e-02 9.923016e-01 7.847388e-02 -1.886113e+00 -1.425098e-01 -9.169695e-02 9.855357e-01 1.835711e+02
9.846666e-01 8.541454e-02 1.521010e-01 6.101101e+00 -9.820491e-02 9.920520e-01 7.865417e-02 -1.867922e+00 -1.441742e-01 -9.238528e-02 9.852293e-01 1.846661e+02
9.842023e-01 8.804798e-02 1.535971e-01 6.226495e+00 -1.011778e-01 9.916571e-01 7.985826e-02 -1.854796e+00 -1.452845e-01 -9.413737e-02 9.849002e-01 1.858486e+02
9.837629e-01 8.932377e-02 1.556616e-01 6.310925e+00 -1.030293e-01 9.912658e-01 8.231155e-02 -1.827079e+00 -1.469499e-01 -9.701283e-02 9.843739e-01 1.866062e+02
9.836121e-01 8.968823e-02 1.564036e-01 6.518391e+00 -1.036022e-01 9.911326e-01 8.319101e-02 -1.800324e+00 -1.475558e-01 -9.803151e-02 9.841824e-01 1.876462e+02
9.832891e-01 9.059016e-02 1.579069e-01 6.622311e+00 -1.045170e-01 9.911166e-01 8.223160e-02 -1.763189e+00 -1.490550e-01 -9.736145e-02 9.840229e-01 1.890978e+02
9.835688e-01 8.728550e-02 1.580263e-01 6.780334e+00 -1.011176e-01 9.915127e-01 8.170422e-02 -1.748903e+00 -1.495538e-01 -9.634104e-02 9.840477e-01 1.899679e+02
9.838797e-01 8.392730e-02 1.579094e-01 7.001904e+00 -9.792122e-02 9.917241e-01 8.302198e-02 -1.720744e+00 -1.496350e-01 -9.714642e-02 9.839561e-01 1.911002e+02
9.843004e-01 7.980625e-02 1.574237e-01 7.198971e+00 -9.400943e-02 9.919407e-01 8.493263e-02 -1.695862e+00 -1.493771e-01 -9.839863e-02 9.838709e-01 1.916651e+02
9.846852e-01 7.656207e-02 1.566263e-01 7.475843e+00 -9.087755e-02 9.921085e-01 8.637027e-02 -1.664471e+00 -1.487778e-01 -9.928144e-02 9.838730e-01 1.935141e+02
9.848049e-01 7.424806e-02 1.569870e-01 7.530484e+00 -8.861728e-02 9.922930e-01 8.659868e-02 -1.630654e+00 -1.493476e-01 -9.919467e-02 9.837953e-01 1.931186e+02
9.844524e-01 7.795895e-02 1.573985e-01 7.773921e+00 -9.251586e-02 9.918692e-01 8.737270e-02 -1.589295e+00 -1.493075e-01 -1.005762e-01 9.836611e-01 1.952070e+02
9.840841e-01 7.922828e-02 1.590587e-01 7.792328e+00 -9.396603e-02 9.917330e-01 8.737109e-02 -1.516937e+00 -1.508218e-01 -1.009267e-01 9.833941e-01 1.960413e+02
9.843197e-01 6.580651e-02 1.636537e-01 7.281573e+00 -8.092936e-02 9.928687e-01 8.752083e-02 -1.245906e+00 -1.567274e-01 -9.939297e-02 9.826266e-01 1.980340e+02
9.844211e-01 7.162720e-02 1.605705e-01 8.015365e+00 -8.661744e-02 9.923123e-01 8.838139e-02 -1.355880e+00 -1.530058e-01 -1.009128e-01 9.830582e-01 1.984799e+02
9.847396e-01 6.818145e-02 1.601166e-01 8.313458e+00 -8.329486e-02 9.924828e-01 8.965213e-02 -1.283151e+00 -1.528006e-01 -1.016210e-01 9.830171e-01 2.001781e+02
9.847453e-01 6.869218e-02 1.598629e-01 8.584436e+00 -8.398109e-02 9.923089e-01 9.092836e-02 -1.286722e+00 -1.523875e-01 -1.029669e-01 9.829412e-01 2.003918e+02
9.849013e-01 6.977126e-02 1.584281e-01 8.986005e+00 -8.483423e-02 9.922855e-01 9.038976e-02 -1.218823e+00 -1.508996e-01 -1.024652e-01 9.832231e-01 2.019215e+02
9.851087e-01 6.851196e-02 1.576865e-01 9.316353e+00 -8.334069e-02 9.924992e-01 8.942750e-02 -1.070567e+00 -1.503772e-01 -1.012376e-01 9.834303e-01 2.040040e+02
9.851884e-01 6.640233e-02 1.580907e-01 9.523798e+00 -8.146412e-02 9.925326e-01 9.077675e-02 -9.709253e-01 -1.508827e-01 -1.023111e-01 9.832417e-01 2.041994e+02
9.852477e-01 6.485271e-02 1.583640e-01 9.779925e+00 -8.020288e-02 9.924724e-01 9.254068e-02 -8.594027e-01 -1.511707e-01 -1.038769e-01 9.830333e-01 2.059659e+02
9.853077e-01 6.401882e-02 1.583298e-01 1.005398e+01 -7.923204e-02 9.926271e-01 9.171408e-02 -7.098746e-01 -1.512913e-01 -1.029115e-01 9.831163e-01 2.082893e+02
9.851621e-01 6.436276e-02 1.590947e-01 1.023269e+01 -7.947392e-02 9.927177e-01 9.051566e-02 -5.830895e-01 -1.521106e-01 -1.018166e-01 9.831038e-01 2.097828e+02
9.848180e-01 6.601537e-02 1.605415e-01 1.026418e+01 -8.128765e-02 9.925727e-01 9.049637e-02 -5.821985e-01 -1.533752e-01 -1.021726e-01 9.828703e-01 2.095353e+02
9.845454e-01 6.768019e-02 1.615175e-01 1.055481e+01 -8.311921e-02 9.923912e-01 9.082196e-02 -4.568447e-01 -1.541420e-01 -1.028437e-01 9.826804e-01 2.119054e+02
9.841537e-01 7.011340e-02 1.628612e-01 1.072235e+01 -8.570936e-02 9.921736e-01 9.079168e-02 -4.066880e-01 -1.552212e-01 -1.033118e-01 9.824613e-01 2.129730e+02
9.838982e-01 7.002474e-02 1.644357e-01 1.082177e+01 -8.573472e-02 9.922014e-01 9.046409e-02 -2.958959e-01 -1.568189e-01 -1.031054e-01 9.822292e-01 2.134933e+02
9.836550e-01 7.016904e-02 1.658229e-01 1.097320e+01 -8.600659e-02 9.921896e-01 9.033596e-02 -2.040535e-01 -1.581892e-01 -1.031214e-01 9.820077e-01 2.147715e+02
9.838475e-01 6.870650e-02 1.652926e-01 1.136115e+01 -8.442040e-02 9.923569e-01 8.999422e-02 -1.136428e-01 -1.578463e-01 -1.024948e-01 9.821286e-01 2.167514e+02
9.841860e-01 6.393705e-02 1.651910e-01 1.167536e+01 -7.963535e-02 9.927318e-01 9.022038e-02 -5.926317e-02 -1.582222e-01 -1.019488e-01 9.821249e-01 2.185908e+02
9.842911e-01 6.048801e-02 1.658621e-01 1.182490e+01 -7.667174e-02 9.927114e-01 9.296947e-02 -2.745000e-01 -1.590299e-01 -1.042261e-01 9.817553e-01 2.178605e+02
9.848754e-01 5.473745e-02 1.643846e-01 1.226155e+01 -7.114217e-02 9.928710e-01 9.562258e-02 -2.623976e-01 -1.579788e-01 -1.058711e-01 9.817490e-01 2.202268e+02
9.846131e-01 5.317175e-02 1.664566e-01 1.224589e+01 -6.988926e-02 9.929005e-01 9.623870e-02 -2.050061e-01 -1.601580e-01 -1.063915e-01 9.813396e-01 2.209379e+02
9.849123e-01 5.326448e-02 1.646469e-01 1.267841e+01 -6.961237e-02 9.930231e-01 9.516829e-02 -1.903134e-01 -1.584293e-01 -1.051940e-01 9.817492e-01 2.232467e+02
9.853344e-01 5.203727e-02 1.625000e-01 1.310122e+01 -6.795316e-02 9.932520e-01 9.397180e-02 -1.362609e-01 -1.565137e-01 -1.036361e-01 9.822221e-01 2.249970e+02
9.852769e-01 5.240191e-02 1.627313e-01 1.332336e+01 -6.842295e-02 9.931735e-01 9.445821e-02 5.590931e-03 -1.566710e-01 -1.042022e-01 9.821371e-01 2.289031e+02
9.853036e-01 5.159516e-02 1.628272e-01 1.341764e+01 -6.782680e-02 9.930904e-01 9.575362e-02 -2.372250e-02 -1.567620e-01 -1.053906e-01 9.819958e-01 2.293978e+02
9.855177e-01 5.089391e-02 1.617490e-01 1.360247e+01 -6.694252e-02 9.931874e-01 9.536877e-02 7.862047e-02 -1.557937e-01 -1.048156e-01 9.822114e-01 2.295922e+02
9.856082e-01 5.134591e-02 1.610531e-01 1.387197e+01 -6.745673e-02 9.930710e-01 9.621497e-02 1.323531e-01 -1.549972e-01 -1.056945e-01 9.822432e-01 2.322903e+02
9.857865e-01 5.110673e-02 1.600344e-01 1.416633e+01 -6.736187e-02 9.929175e-01 9.785146e-02 1.414122e-01 -1.539004e-01 -1.072410e-01 9.822481e-01 2.341767e+02
9.860617e-01 4.925558e-02 1.589156e-01 1.438998e+01 -6.540920e-02 9.930261e-01 9.807331e-02 2.826535e-01 -1.529769e-01 -1.071010e-01 9.824076e-01 2.349422e+02
9.863105e-01 4.759307e-02 1.578750e-01 1.464843e+01 -6.403176e-02 9.928502e-01 1.007275e-01 3.407449e-01 -1.519525e-01 -1.094577e-01 9.823069e-01 2.364684e+02
9.864078e-01 4.856222e-02 1.569691e-01 1.494053e+01 -6.522209e-02 9.925615e-01 1.027880e-01 4.422741e-01 -1.508101e-01 -1.116289e-01 9.822387e-01 2.386712e+02
9.864544e-01 4.798846e-02 1.568523e-01 1.521339e+01 -6.466136e-02 9.925779e-01 1.029832e-01 5.707328e-01 -1.507464e-01 -1.117306e-01 9.822369e-01 2.397881e+02
9.865808e-01 4.746382e-02 1.562159e-01 1.558735e+01 -6.398318e-02 9.926743e-01 1.024762e-01 7.592992e-01 -1.502078e-01 -1.110964e-01 9.823913e-01 2.418096e+02
9.868669e-01 4.501651e-02 1.551295e-01 1.591602e+01 -6.148305e-02 9.927741e-01 1.030384e-01 8.346069e-01 -1.493703e-01 -1.112232e-01 9.825046e-01 2.430530e+02
9.873993e-01 4.435870e-02 1.518970e-01 1.652458e+01 -6.029619e-02 9.929564e-01 1.019777e-01 9.843637e-01 -1.463037e-01 -1.098517e-01 9.831201e-01 2.449464e+02
9.870585e-01 4.080155e-02 1.550764e-01 1.640413e+01 -5.694679e-02 9.932401e-01 1.011374e-01 1.037042e+00 -1.499017e-01 -1.086598e-01 9.827105e-01 2.458157e+02
9.874809e-01 4.052629e-02 1.524369e-01 1.690949e+01 -5.640068e-02 9.932548e-01 1.012984e-01 1.089090e+00 -1.473037e-01 -1.086279e-01 9.831069e-01 2.477562e+02
9.878349e-01 4.028500e-02 1.501910e-01 1.713405e+01 -5.603913e-02 9.931846e-01 1.021826e-01 1.084201e+00 -1.450512e-01 -1.093563e-01 9.833611e-01 2.491966e+02
9.877514e-01 3.871950e-02 1.511486e-01 1.708026e+01 -5.495879e-02 9.929738e-01 1.047851e-01 1.105772e+00 -1.460297e-01 -1.118087e-01 9.829404e-01 2.512703e+02
9.877595e-01 3.833094e-02 1.511947e-01 1.727200e+01 -5.520976e-02 9.924986e-01 1.090680e-01 1.165278e+00 -1.458800e-01 -1.160805e-01 9.824673e-01 2.525818e+02
9.876214e-01 3.540089e-02 1.528025e-01 1.741541e+01 -5.304587e-02 9.921777e-01 1.129903e-01 1.273116e+00 -1.476076e-01 -1.196974e-01 9.817750e-01 2.546978e+02
9.873843e-01 3.286688e-02 1.548871e-01 1.747428e+01 -5.093585e-02 9.921526e-01 1.141750e-01 1.410232e+00 -1.499193e-01 -1.206240e-01 9.813113e-01 2.560521e+02
9.875160e-01 3.170345e-02 1.542882e-01 1.778957e+01 -4.961910e-02 9.922749e-01 1.136902e-01 1.508019e+00 -1.494922e-01 -1.199267e-01 9.814619e-01 2.573368e+02
9.878342e-01 3.124649e-02 1.523322e-01 1.826535e+01 -4.896423e-02 9.922738e-01 1.139838e-01 1.606684e+00 -1.475939e-01 -1.200561e-01 9.817334e-01 2.576158e+02
9.877285e-01 3.134935e-02 1.529946e-01 1.850163e+01 -4.923169e-02 9.921975e-01 1.145317e-01 1.734015e+00 -1.482107e-01 -1.206586e-01 9.815666e-01 2.589256e+02
9.875503e-01 3.132812e-02 1.541451e-01 1.870454e+01 -4.936066e-02 9.921848e-01 1.145855e-01 1.902754e+00 -1.493509e-01 -1.207678e-01 9.813803e-01 2.606265e+02
9.872642e-01 3.274383e-02 1.556759e-01 1.883463e+01 -5.090701e-02 9.921560e-01 1.141578e-01 2.028749e+00 -1.507171e-01 -1.206291e-01 9.811884e-01 2.623860e+02
9.861468e-01 3.227256e-02 1.626983e-01 1.842560e+01 -5.139671e-02 9.920633e-01 1.147413e-01 2.093839e+00 -1.577043e-01 -1.215140e-01 9.799803e-01 2.641234e+02
9.863836e-01 3.187952e-02 1.613343e-01 1.894595e+01 -5.123851e-02 9.917729e-01 1.172938e-01 2.163594e+00 -1.562681e-01 -1.239634e-01 9.799036e-01 2.652404e+02
9.859418e-01 3.212943e-02 1.639637e-01 1.902022e+01 -5.205588e-02 9.915607e-01 1.187198e-01 2.227860e+00 -1.587659e-01 -1.255862e-01 9.792953e-01 2.665888e+02
9.853613e-01 3.062458e-02 1.676988e-01 1.888372e+01 -5.077946e-02 9.918019e-01 1.172492e-01 2.408710e+00 -1.627335e-01 -1.240486e-01 9.788399e-01 2.678190e+02
9.848293e-01 3.261579e-02 1.704259e-01 1.885056e+01 -5.319774e-02 9.916295e-01 1.176338e-01 2.527494e+00 -1.651629e-01 -1.249157e-01 9.783226e-01 2.700452e+02
9.842113e-01 3.792774e-02 1.728790e-01 1.885944e+01 -5.867388e-02 9.914521e-01 1.165203e-01 2.517051e+00 -1.669821e-01 -1.248242e-01 9.780254e-01 2.709405e+02
9.834968e-01 4.375742e-02 1.755474e-01 1.879572e+01 -6.442880e-02 9.914064e-01 1.138386e-01 2.583527e+00 -1.690578e-01 -1.232704e-01 9.778659e-01 2.723590e+02
9.827888e-01 4.678778e-02 1.787024e-01 1.880903e+01 -6.798673e-02 9.911032e-01 1.144084e-01 2.701442e+00 -1.717599e-01 -1.245888e-01 9.772277e-01 2.747072e+02
9.823447e-01 4.828763e-02 1.807336e-01 1.898555e+01 -7.056494e-02 9.903899e-01 1.189346e-01 2.732512e+00 -1.732539e-01 -1.295884e-01 9.763134e-01 2.749660e+02
9.820149e-01 5.101484e-02 1.817737e-01 1.914537e+01 -7.399866e-02 9.897673e-01 1.219919e-01 2.862325e+00 -1.736906e-01 -1.332490e-01 9.757429e-01 2.771234e+02
9.817083e-01 5.381569e-02 1.826200e-01 1.927506e+01 -7.669210e-02 9.897314e-01 1.206120e-01 3.055457e+00 -1.742542e-01 -1.324114e-01 9.757565e-01 2.794245e+02
9.816421e-01 5.306325e-02 1.831951e-01 1.940444e+01 -7.608511e-02 9.897285e-01 1.210190e-01 3.119711e+00 -1.748920e-01 -1.327359e-01 9.755983e-01 2.810708e+02
9.817393e-01 5.036761e-02 1.834351e-01 1.959651e+01 -7.402725e-02 9.894518e-01 1.245078e-01 3.146416e+00 -1.752293e-01 -1.358135e-01 9.751140e-01 2.819523e+02
9.819150e-01 4.943530e-02 1.827468e-01 1.991887e+01 -7.304642e-02 9.894858e-01 1.248164e-01 3.318470e+00 -1.746553e-01 -1.359083e-01 9.752038e-01 2.832613e+02
9.819580e-01 5.017813e-02 1.823129e-01 2.025749e+01 -7.356575e-02 9.895657e-01 1.238743e-01 3.492054e+00 -1.741951e-01 -1.350515e-01 9.754052e-01 2.847218e+02
9.818920e-01 4.993857e-02 1.827332e-01 2.048829e+01 -7.324732e-02 9.896839e-01 1.231168e-01 3.646346e+00 -1.747001e-01 -1.342723e-01 9.754224e-01 2.861208e+02
9.819738e-01 4.961204e-02 1.823825e-01 2.081363e+01 -7.290974e-02 9.896808e-01 1.233415e-01 3.787260e+00 -1.743815e-01 -1.344157e-01 9.754598e-01 2.877363e+02
9.819476e-01 4.928953e-02 1.826107e-01 2.106856e+01 -7.233642e-02 9.899164e-01 1.217783e-01 4.056800e+00 -1.747672e-01 -1.327894e-01 9.756135e-01 2.891613e+02
9.817867e-01 4.807426e-02 1.837961e-01 2.124122e+01 -7.121988e-02 9.900340e-01 1.214799e-01 4.211328e+00 -1.761246e-01 -1.323574e-01 9.754280e-01 2.905864e+02
9.818301e-01 5.080064e-02 1.828280e-01 2.167155e+01 -7.372413e-02 9.899272e-01 1.208545e-01 4.323426e+00 -1.748472e-01 -1.321376e-01 9.756876e-01 2.922473e+02
9.826575e-01 5.159943e-02 1.780982e-01 2.243723e+01 -7.402173e-02 9.898084e-01 1.216431e-01 4.422413e+00 -1.700066e-01 -1.327168e-01 9.764642e-01 2.939014e+02
