1.000000e+00 0.000000e+00 0.000000e+00 0.000000e+00 0.000000e+00 1.000000e+00 0.000000e+00 0.000000e+00 0.000000e+00 0.000000e+00 1.000000e+00 0.000000e+00
9.995372e-01 6.863932e-03 2.963549e-02 -2.166554e-01 -6.898049e-03 9.999757e-01 1.049159e-03 -1.462449e-01 -2.962757e-02 -1.253100e-03 9.995602e-01 8.577532e-01
9.982055e-01 5.960473e-03 5.958430e-02 -4.095061e-01 -5.750000e-03 9.999766e-01 -3.703190e-03 -1.962825e-01 -5.960498e-02 3.353935e-03 9.982164e-01 1.504351e+00
9.952456e-01 9.989876e-03 9.688321e-02 -7.572862e-01 -9.316960e-03 9.999293e-01 -7.395562e-03 -2.388095e-01 -9.695023e-02 6.457744e-03 9.952682e-01 1.758130e+00
9.909765e-01 1.243355e-02 1.334582e-01 -7.372328e-01 -1.105109e-02 9.998774e-01 -1.109455e-02 -2.605971e-01 -1.335797e-01 9.519580e-03 9.909922e-01 2.344293e+00
9.845713e-01 8.127721e-03 1.747952e-01 -7.771892e-01 -5.992547e-03 9.999009e-01 -1.273963e-02 -2.282401e-01 -1.748814e-01 1.149560e-02 9.845223e-01 2.871942e+00
9.745377e-01 6.257482e-03 2.241364e-01 -1.393085e+00 -3.149975e-03 9.998940e-01 -1.421924e-02 -1.744297e-01 -2.242016e-01 1.315116e-02 9.744540e-01 2.831928e+00
9.628011e-01 2.314835e-03 2.702014e-01 -1.378904e+00 2.051168e-03 9.998719e-01 -1.587484e-02 -3.277882e-01 -2.702035e-01 1.583854e-02 9.626728e-01 4.005340e+00
9.496521e-01 -1.839221e-03 3.133012e-01 -1.380051e+00 7.465427e-03 9.998317e-01 -1.675910e-02 -4.450289e-01 -3.132176e-01 1.825424e-02 9.495057e-01 4.953158e+00
9.347091e-01 -5.072525e-03 3.553776e-01 -1.376762e+00 1.182825e-02 9.997882e-01 -1.683988e-02 -3.997378e-01 -3.552170e-01 1.994388e-02 9.345708e-01 4.789407e+00
9.176850e-01 -8.131877e-03 3.972256e-01 -1.179178e+00 1.519407e-02 9.997774e-01 -1.463476e-02 -3.951335e-01 -3.970183e-01 1.946557e-02 9.176040e-01 5.256373e+00
8.984110e-01 -9.908305e-03 4.390439e-01 -9.885871e-01 1.770385e-02 9.997499e-01 -1.366493e-02 -3.323829e-01 -4.387988e-01 2.004949e-02 8.983613e-01 5.777603e+00
8.772150e-01 -1.225315e-02 4.799414e-01 -1.338105e+00 2.041325e-02 9.997222e-01 -1.178698e-02 -6.693023e-02 -4.796637e-01 2.013688e-02 8.772210e-01 4.121729e+00
8.536431e-01 -1.467991e-02 5.206515e-01 -1.324379e+00 2.367696e-02 9.996631e-01 -1.063419e-02 -2.686629e-02 -5.203201e-01 2.140524e-02 8.537028e-01 4.266791e+00
8.301739e-01 -2.220910e-02 5.570621e-01 -1.283931e+00 3.196185e-02 9.994587e-01 -7.785143e-03 -1.051477e-01 -5.565878e-01 2.426776e-02 8.304341e-01 4.526193e+00
8.012216e-01 -2.414177e-02 5.978806e-01 -1.131647e+00 3.390106e-02 9.994123e-01 -5.075716e-03 -2.888086e-01 -5.974067e-01 2.433556e-02 8.015689e-01 5.546225e+00
7.697452e-01 -2.969998e-02 6.376600e-01 -1.321265e+00 4.001404e-02 9.991975e-01 -1.763419e-03 -3.406596e-01 -6.370959e-01 2.687273e-02 7.703156e-01 6.073680e+00
7.354952e-01 -3.085890e-02 6.768270e-01 -1.575113e+00 4.106288e-02 9.991561e-01 9.327524e-04 -3.950998e-01 -6.762846e-01 2.710642e-02 7.361414e-01 6.678302e+00
6.994987e-01 -3.221206e-02 7.139075e-01 -1.541160e+00 4.356642e-02 9.990476e-01 2.390691e-03 -4.662712e-01 -7.133046e-01 2.943011e-02 7.002357e-01 7.385312e+00
6.637412e-01 -3.665156e-02 7.470638e-01 -1.805184e+00 5.054739e-02 9.987133e-01 4.088021e-03 -4.262803e-01 -7.462523e-01 3.504873e-02 6.647396e-01 7.416205e+00
6.248860e-01 -3.885129e-02 7.797487e-01 -1.780543e+00 5.309977e-02 9.985632e-01 7.199975e-03 -6.108317e-01 -7.789080e-01 3.690531e-02 6.260510e-01 8.401524e+00
5.852853e-01 -4.166014e-02 8.097565e-01 -1.829497e+00 5.861936e-02 9.982398e-01 8.987614e-03 -7.063586e-01 -8.087056e-01 4.220708e-02 5.866970e-01 9.013931e+00
5.468916e-01 -4.356709e-02 8.360692e-01 -1.876751e+00 6.592878e-02 9.977848e-01 8.868516e-03 -7.810560e-01 -8.346034e-01 5.027089e-02 5.485523e-01 9.495273e+00
5.082021e-01 -4.713120e-02 8.599473e-01 -2.150281e+00 7.313213e-02 9.972565e-01 1.143789e-02 -8.285908e-01 -8.581271e-01 5.707701e-02 5.102546e-01 9.770866e+00
4.640168e-01 -5.285833e-02 8.842480e-01 -2.381832e+00 7.970406e-02 9.966603e-01 1.775269e-02 -9.519888e-01 -8.822333e-01 6.224060e-02 4.666800e-01 1.027222e+01
4.263960e-01 -5.808420e-02 9.026698e-01 -2.348373e+00 8.663509e-02 9.959706e-01 2.316386e-02 -9.574562e-01 -9.003781e-01 6.832589e-02 4.297098e-01 1.030596e+01
3.852789e-01 -5.939287e-02 9.208869e-01 -2.350096e+00 8.761460e-02 9.957728e-01 2.756664e-02 -1.097129e+00 -9.186314e-01 7.006228e-02 3.888537e-01 1.088816e+01
3.470117e-01 -6.321280e-02 9.357281e-01 -2.782962e+00 8.770498e-02 9.955408e-01 3.472834e-02 -1.179579e+00 -9.337508e-01 7.001686e-02 3.510081e-01 1.115842e+01
3.083926e-01 -6.819030e-02 9.488119e-01 -2.758751e+00 8.961289e-02 9.950741e-01 4.238822e-02 -1.285056e+00 -9.470287e-01 7.195355e-02 3.129841e-01 1.163301e+01
2.712520e-01 -7.147086e-02 9.598511e-01 -2.737428e+00 8.917058e-02 9.948163e-01 4.887496e-02 -1.411459e+00 -9.583688e-01 7.233305e-02 2.762189e-01 1.208780e+01
2.395261e-01 -7.036168e-02 9.683369e-01 -2.033605e+00 8.415700e-02 9.951210e-01 5.149097e-02 -1.490833e+00 -9.672356e-01 6.915890e-02 2.442787e-01 1.236358e+01
2.107410e-01 -6.892943e-02 9.751087e-01 -1.848968e+00 8.341538e-02 9.951404e-01 5.231768e-02 -1.447893e+00 -9.739763e-01 7.031357e-02 2.154666e-01 1.244496e+01
1.810974e-01 -6.968401e-02 9.809933e-01 -1.157381e+00 8.115492e-02 9.951433e-01 5.570746e-02 -1.482857e+00 -9.801109e-01 6.952393e-02 1.858730e-01 1.270341e+01
1.508942e-01 -7.049475e-02 9.860331e-01 -7.308736e-01 7.985636e-02 9.950634e-01 5.891982e-02 -1.473356e+00 -9.853191e-01 6.985033e-02 1.557786e-01 1.293727e+01
1.215193e-01 -7.140078e-02 9.900177e-01 -2.415665e-01 7.731830e-02 9.950595e-01 6.227402e-02 -1.423163e+00 -9.895730e-01 6.897896e-02 1.264394e-01 1.305145e+01
9.267662e-02 -7.219793e-02 9.930752e-01 3.996954e-01 7.503565e-02 9.950378e-01 6.533809e-02 -1.406465e+00 -9.928648e-01 6.846071e-02 9.763400e-02 1.321401e+01
6.603751e-02 -7.274810e-02 9.951615e-01 1.256958e+00 7.661230e-02 9.947641e-01 6.763519e-02 -1.408292e+00 -9.948715e-01 7.177516e-02 7.126497e-02 1.329059e+01
4.208463e-02 -7.291398e-02 9.964498e-01 2.144617e+00 7.955156e-02 9.944113e-01 6.940502e-02 -1.391596e+00 -9.959418e-01 7.634824e-02 4.764969e-02 1.327558e+01
1.868539e-02 -7.336453e-02 9.971300e-01 2.861251e+00 8.071603e-02 9.941594e-01 7.163344e-02 -1.411388e+00 -9.965618e-01 7.914587e-02 2.449778e-02 1.346620e+01
-1.721257e-03 -7.431018e-02 9.972335e-01 3.231227e+00 8.545858e-02 9.935758e-01 7.418514e-02 -1.404372e+00 -9.963401e-01 8.534986e-02 4.640063e-03 1.350495e+01
-1.797562e-02 -7.532911e-02 9.969965e-01 3.566985e+00 9.003771e-02 9.929841e-01 7.664932e-02 -1.343084e+00 -9.957760e-01 9.114511e-02 -1.106723e-02 1.337250e+01
-3.226439e-02 -7.568426e-02 9.966096e-01 4.046885e+00 9.299482e-02 9.925758e-01 7.838856e-02 -1.289988e+00 -9.951436e-01 9.520869e-02 -2.498680e-02 1.324691e+01
-4.693453e-02 -7.712813e-02 9.959157e-01 4.599423e+00 9.463920e-02 9.921861e-01 8.129937e-02 -1.283859e+00 -9.944045e-01 9.806844e-02 -3.926864e-02 1.330349e+01
-5.890241e-02 -7.857649e-02 9.951663e-01 5.536158e+00 9.489071e-02 9.919423e-01 8.393838e-02 -1.202081e+00 -9.937434e-01 9.937623e-02 -5.097181e-02 1.315694e+01
-7.197145e-02 -7.922792e-02 9.942549e-01 5.997486e+00 9.332220e-02 9.919320e-01 8.579816e-02 -1.209533e+00 -9.930311e-01 9.896111e-02 -6.399728e-02 1.323449e+01
-8.246733e-02 -7.752606e-02 9.935736e-01 6.979870e+00 9.362324e-02 9.919577e-01 8.517077e-02 -1.156676e+00 -9.921862e-01 1.000454e-01 -7.454607e-02 1.311396e+01
-9.357759e-02 -7.472409e-02 9.928038e-01 8.731823e+00 9.345955e-02 9.921167e-01 8.348149e-02 -1.121076e+00 -9.912155e-01 1.005990e-01 -8.585644e-02 1.303622e+01
-1.013198e-01 -7.231845e-02 9.922218e-01 9.004217e+00 9.496517e-02 9.920967e-01 8.200661e-02 -1.032372e+00 -9.903108e-01 1.025355e-01 -9.365150e-02 1.290636e+01
-1.084052e-01 -7.189647e-02 9.915033e-01 9.940425e+00 9.468117e-02 9.921003e-01 8.229164e-02 -9.853873e-01 -9.895875e-01 1.027976e-01 -1.007418e-01 1.280084e+01
-1.152594e-01 -7.220977e-02 9.907071e-01 1.134904e+01 9.440123e-02 9.920436e-01 8.328987e-02 -9.650698e-01 -9.888394e-01 1.031240e-01 -1.075259e-01 1.279995e+01
-1.193118e-01 -7.131453e-02 9.902921e-01 1.256026e+01 9.629769e-02 9.918829e-01 8.303118e-02 -9.114171e-01 -9.881756e-01 1.052695e-01 -1.114762e-01 1.261017e+01
-1.234756e-01 -7.059211e-02 9.898332e-01 1.298640e+01 9.580753e-02 9.919584e-01 8.269508e-02 -9.010022e-01 -9.877117e-01 1.050444e-01 -1.157197e-01 1.258828e+01
-1.278854e-01 -7.059463e-02 9.892730e-01 1.436007e+01 9.617133e-02 9.918799e-01 8.321292e-02 -8.743282e-01 -9.871150e-01 1.057815e-01 -1.200580e-01 1.250022e+01
-1.292306e-01 -7.243024e-02 9.889655e-01 1.478979e+01 9.703560e-02 9.916180e-01 8.530439e-02 -8.529871e-01 -9.868552e-01 1.069889e-01 -1.211194e-01 1.234725e+01
-1.292259e-01 -7.474328e-02 9.887940e-01 1.547802e+01 9.971625e-02 9.911208e-01 8.795112e-02 -7.866197e-01 -9.865886e-01 1.099644e-01 -1.206256e-01 1.204372e+01
-1.303634e-01 -7.653805e-02 9.885073e-01 1.681886e+01 1.014148e-01 9.907566e-01 9.008668e-02 -7.138227e-01 -9.862657e-01 1.119933e-01 -1.213965e-01 1.176162e+01
-1.309961e-01 -7.658383e-02 9.884201e-01 1.845857e+01 1.072216e-01 9.900687e-01 9.092173e-02 -6.928387e-01 -9.855675e-01 1.178905e-01 -1.214840e-01 1.132158e+01
-1.291973e-01 -7.751827e-02 9.885840e-01 1.927271e+01 1.094391e-01 9.897346e-01 9.191100e-02 -6.369452e-01 -9.855612e-01 1.200645e-01 -1.193878e-01 1.089004e+01
-1.287185e-01 -7.693944e-02 9.886917e-01 2.003130e+01 1.131295e-01 9.893375e-01 9.171811e-02 -5.881455e-01 -9.852071e-01 1.236561e-01 -1.186422e-01 1.065662e+01
-1.303266e-01 -7.786888e-02 9.884082e-01 2.125422e+01 1.154872e-01 9.889324e-01 9.313773e-02 -6.306949e-01 -9.847220e-01 1.262869e-01 -1.198916e-01 1.066106e+01
-1.331536e-01 -7.804404e-02 9.880176e-01 2.317511e+01 1.148493e-01 9.889634e-01 9.359681e-02 -6.606553e-01 -9.844184e-01 1.259359e-01 -1.227210e-01 1.072579e+01
-1.325060e-01 -7.924090e-02 9.880093e-01 2.316722e+01 1.129788e-01 9.890949e-01 9.448001e-02 -6.540932e-01 -9.847222e-01 1.241433e-01 -1.221088e-01 1.083220e+01
-1.364558e-01 -8.323094e-02 9.871432e-01 2.651294e+01 1.130395e-01 9.886474e-01 9.898354e-02 -7.882594e-01 -9.841757e-01 1.250931e-01 -1.254985e-01 1.074060e+01
-1.326913e-01 -8.314441e-02 9.876636e-01 2.551025e+01 1.129198e-01 9.887190e-01 9.840388e-02 -7.486809e-01 -9.847040e-01 1.245842e-01 -1.218060e-01 1.073058e+01
-1.350545e-01 -8.461384e-02 9.872184e-01 2.707908e+01 1.144286e-01 9.883483e-01 1.003649e-01 -7.692591e-01 -9.842085e-01 1.265208e-01 -1.237989e-01 1.069117e+01
-1.367858e-01 -8.515055e-02 9.869339e-01 2.789335e+01 1.148222e-01 9.882200e-01 1.011755e-01 -7.259296e-01 -9.839235e-01 1.271613e-01 -1.253975e-01 1.077411e+01
-1.375858e-01 -8.652969e-02 9.867027e-01 2.828365e+01 1.124413e-01 9.883724e-01 1.023549e-01 -7.190235e-01 -9.840869e-01 1.250288e-01 -1.262567e-01 1.095293e+01
-1.389127e-01 -8.909925e-02 9.862880e-01 2.887275e+01 1.126135e-01 9.880624e-01 1.051205e-01 -6.839467e-01 -9.838808e-01 1.256720e-01 -1.272209e-01 1.108702e+01
-1.414934e-01 -9.282108e-02 9.855777e-01 3.014214e+01 1.140645e-01 9.874344e-01 1.093715e-01 -6.904088e-01 -9.833457e-01 1.278948e-01 -1.291281e-01 1.111897e+01
-1.400380e-01 -9.337664e-02 9.857330e-01 3.090936e+01 1.151868e-01 9.872472e-01 1.098841e-01 -6.757947e-01 -9.834233e-01 1.289314e-01 -1.274966e-01 1.094618e+01
-1.385155e-01 -9.278324e-02 9.860042e-01 3.136281e+01 1.157324e-01 9.872637e-01 1.091601e-01 -6.065564e-01 -9.835748e-01 1.292330e-01 -1.260135e-01 1.080476e+01
-1.389596e-01 -9.476128e-02 9.857535e-01 3.327999e+01 1.164533e-01 9.869409e-01 1.112916e-01 -5.303794e-01 -9.834271e-01 1.302593e-01 -1.261098e-01 1.049933e+01
-1.404787e-01 -9.640887e-02 9.853784e-01 3.327938e+01 1.162064e-01 9.867631e-01 1.131111e-01 -5.451062e-01 -9.832405e-01 1.303969e-01 -1.274160e-01 1.071471e+01
-1.409400e-01 -9.883978e-02 9.850717e-01 3.393266e+01 1.171570e-01 9.863469e-01 1.157301e-01 -5.041198e-01 -9.830616e-01 1.317191e-01 -1.274362e-01 1.072559e+01
-1.442393e-01 -9.947152e-02 9.845303e-01 3.532594e+01 1.200363e-01 9.858283e-01 1.171887e-01 -4.310626e-01 -9.822354e-01 1.350826e-01 -1.302551e-01 1.082559e+01
-1.465527e-01 -1.009808e-01 9.840349e-01 3.640723e+01 1.234287e-01 9.851346e-01 1.194760e-01 -4.238195e-01 -9.814723e-01 1.389676e-01 -1.319104e-01 1.093911e+01
-1.485092e-01 -1.004618e-01 9.837947e-01 3.794758e+01 1.240963e-01 9.850690e-01 1.193249e-01 -2.998421e-01 -9.810939e-01 1.398062e-01 -1.338250e-01 1.091913e+01
-1.541095e-01 -1.016118e-01 9.828147e-01 4.053261e+01 1.249347e-01 9.847097e-01 1.213980e-01 -2.367364e-01 -9.801233e-01 1.414963e-01 -1.390585e-01 1.089932e+01
-1.546320e-01 -1.013228e-01 9.827625e-01 4.165810e+01 1.242247e-01 9.848383e-01 1.210829e-01 -7.408956e-02 -9.801313e-01 1.408067e-01 -1.397009e-01 1.076529e+01
-1.541103e-01 -1.019554e-01 9.827790e-01 4.279998e+01 1.232502e-01 9.849089e-01 1.215033e-01 3.376479e-02 -9.803364e-01 1.398527e-01 -1.392187e-01 1.046698e+01
-1.555696e-01 -1.046070e-01 9.822703e-01 4.538575e+01 1.220001e-01 9.847294e-01 1.241910e-01 1.176390e-01 -9.802623e-01 1.391575e-01 -1.404320e-01 1.002964e+01
-1.544005e-01 -1.060671e-01 9.822981e-01 4.681037e+01 1.204823e-01 9.847793e-01 1.252728e-01 2.906833e-01 -9.806349e-01 1.376918e-01 -1.392714e-01 9.578901e+00
-1.538072e-01 -1.096468e-01 9.819981e-01 4.764893e+01 1.173948e-01 9.847570e-01 1.283420e-01 2.894949e-01 -9.811025e-01 1.350214e-01 -1.385909e-01 9.376575e+00
-1.594674e-01 -1.117348e-01 9.808592e-01 5.150211e+01 1.166259e-01 9.844839e-01 1.311086e-01 3.194603e-01 -9.802901e-01 1.353012e-01 -1.439621e-01 8.977659e+00
-1.594049e-01 -1.112413e-01 9.809255e-01 5.055336e+01 1.129145e-01 9.850557e-01 1.300588e-01 5.164816e-01 -9.807347e-01 1.314928e-01 -1.444620e-01 9.054400e+00
-1.696687e-01 -1.124332e-01 9.790663e-01 5.326722e+01 1.119302e-01 9.848435e-01 1.324937e-01 5.786803e-01 -9.791242e-01 1.320671e-01 -1.545126e-01 9.094547e+00
-1.816445e-01 -1.134173e-01 9.768016e-01 5.495549e+01 1.055866e-01 9.853343e-01 1.340427e-01 8.308034e-01 -9.776794e-01 1.274853e-01 -1.670053e-01 9.467004e+00
-1.858949e-01 -1.165635e-01 9.756308e-01 5.526027e+01 9.959074e-02 9.855894e-01 1.367291e-01 9.306612e-01 -9.775096e-01 1.225811e-01 -1.716075e-01 9.446721e+00
-1.896288e-01 -1.178765e-01 9.747540e-01 5.671950e+01 9.407839e-02 9.860180e-01 1.375407e-01 1.159088e+00 -9.773384e-01 1.177850e-01 -1.758879e-01 9.078590e+00
-1.972089e-01 -1.195436e-01 9.730453e-01 5.954067e+01 9.044208e-02 9.860864e-01 1.394758e-01 1.297343e+00 -9.761809e-01 1.155102e-01 -1.836534e-01 8.788172e+00
-1.980169e-01 -1.196823e-01 9.728643e-01 6.007375e+01 8.543812e-02 9.866326e-01 1.387661e-01 1.643932e+00 -9.764680e-01 1.105978e-01 -1.851447e-01 8.237037e+00
-2.054309e-01 -1.227704e-01 9.709403e-01 6.205826e+01 8.081114e-02 9.865844e-01 1.418464e-01 1.822547e+00 -9.753296e-01 1.076025e-01 -1.927539e-01 7.946918e+00
-2.120782e-01 -1.277102e-01 9.688717e-01 6.336049e+01 7.340690e-02 9.865413e-01 1.461074e-01 1.935357e+00 -9.744919e-01 1.021081e-01 -1.998493e-01 7.816980e+00
-2.182075e-01 -1.335106e-01 9.667264e-01 6.538930e+01 6.250709e-02 9.866515e-01 1.503713e-01 2.160064e+00 -9.738986e-01 9.323943e-02 -2.069495e-01 7.376968e+00
-2.262524e-01 -1.371948e-01 9.643583e-01 6.721225e+01 5.716883e-02 9.864544e-01 1.537509e-01 2.335754e+00 -9.723898e-01 8.991776e-02 -2.153445e-01 7.157799e+00
-2.334540e-01 -1.392863e-01 9.623398e-01 6.884150e+01 5.439783e-02 9.862666e-01 1.559457e-01 2.525600e+00 -9.708452e-01 8.875537e-02 -2.226711e-01 6.797824e+00
-2.395621e-01 -1.393431e-01 9.608293e-01 7.022052e+01 5.132096e-02 9.864460e-01 1.558539e-01 2.705655e+00 -9.695238e-01 8.664739e-02 -2.291640e-01 6.457879e+00
-2.454100e-01 -1.389594e-01 9.594079e-01 7.110709e+01 4.948536e-02 9.865871e-01 1.555539e-01 2.827788e+00 -9.681556e-01 8.565116e-02 -2.352420e-01 6.264360e+00
-2.496544e-01 -1.409547e-01 9.580207e-01 7.286249e+01 4.518421e-02 9.865754e-01 1.569306e-01 3.081224e+00 -9.672803e-01 8.246586e-02 -2.399341e-01 5.586388e+00
-2.559505e-01 -1.443089e-01 9.558576e-01 7.322200e+01 3.357549e-02 9.868710e-01 1.579815e-01 3.109115e+00 -9.661067e-01 7.252885e-02 -2.477450e-01 5.862964e+00
-2.595807e-01 -1.433473e-01 9.550229e-01 7.267702e+01 3.224297e-02 9.870842e-01 1.569234e-01 3.206074e+00 -9.651831e-01 7.152709e-02 -2.516063e-01 5.790147e+00
-2.647094e-01 -1.439794e-01 9.535188e-01 7.585498e+01 3.101681e-02 9.870082e-01 1.576468e-01 3.608012e+00 -9.638293e-01 7.130574e-02 -2.568048e-01 4.779812e+00
-2.693604e-01 -1.449044e-01 9.520751e-01 7.954613e+01 3.204575e-02 9.867190e-01 1.592434e-01 4.138923e+00 -9.625062e-01 7.340387e-02 -2.611396e-01 3.724726e+00
-2.811321e-01 -1.458808e-01 9.485161e-01 8.077464e+01 3.278288e-02 9.863419e-01 1.614149e-01 4.217515e+00 -9.591090e-01 7.647402e-02 -2.725101e-01 4.733371e+00
-2.884102e-01 -1.456814e-01 9.463592e-01 8.334800e+01 3.441385e-02 9.861422e-01 1.622933e-01 4.448556e+00 -9.568883e-01 7.937495e-02 -2.794002e-01 4.689105e+00
-2.577588e-01 -1.474622e-01 9.548898e-01 8.004277e+01 3.066776e-02 9.865384e-01 1.606279e-01 4.706579e+00 -9.657224e-01 7.068761e-02 -2.497668e-01 8.540092e-01
-2.593948e-01 -1.465848e-01 9.545819e-01 8.328220e+01 3.331272e-02 9.864680e-01 1.605334e-01 5.238313e+00 -9.651967e-01 7.344127e-02 -2.510017e-01 -3.127354e-01
-2.680545e-01 -1.477156e-01 9.520116e-01 8.695278e+01 3.049999e-02 9.863789e-01 1.616358e-01 5.509315e+00 -9.629208e-01 7.236356e-02 -2.598982e-01 -9.987493e-01
-2.694231e-01 -1.482522e-01 9.515417e-01 8.735074e+01 2.326265e-02 9.867891e-01 1.603304e-01 5.722388e+00 -9.627410e-01 6.533211e-02 -2.624152e-01 -1.330583e+00
-2.697526e-01 -1.506213e-01 9.510762e-01 8.849258e+01 1.641900e-02 9.868275e-01 1.609401e-01 5.952863e+00 -9.627897e-01 5.902973e-02 -2.637264e-01 -2.101967e+00
-2.752363e-01 -1.510584e-01 9.494344e-01 8.995272e+01 1.061203e-02 9.870408e-01 1.601180e-01 6.287414e+00 -9.613181e-01 5.414570e-02 -2.700665e-01 -2.245934e+00
-2.875113e-01 -1.505798e-01 9.458659e-01 9.519193e+01 6.064989e-03 9.872578e-01 1.590128e-01 7.034031e+00 -9.577581e-01 5.145463e-02 -2.829346e-01 -3.066599e+00
-2.897339e-01 -1.541243e-01 9.446159e-01 9.403442e+01 -4.182452e-03 9.871437e-01 1.597802e-01 7.005047e+00 -9.570982e-01 4.234293e-02 -2.866537e-01 -2.443493e+00
-2.948328e-01 -1.553437e-01 9.428368e-01 9.463637e+01 -6.482780e-03 9.869994e-01 1.605927e-01 7.170763e+00 -9.555269e-01 4.123578e-02 -2.920070e-01 -2.248163e+00
-2.998910e-01 -1.562847e-01 9.410843e-01 9.641549e+01 -8.875712e-03 9.869037e-01 1.610654e-01 7.439456e+00 -9.539323e-01 3.994925e-02 -2.973508e-01 -2.567852e+00
-3.034919e-01 -1.564773e-01 9.398971e-01 9.813761e+01 -9.848861e-03 9.868856e-01 1.611199e-01 7.682118e+00 -9.527832e-01 3.964164e-02 -3.010530e-01 -3.124629e+00
-3.064564e-01 -1.557338e-01 9.390583e-01 9.958246e+01 -1.075559e-02 9.870293e-01 1.601792e-01 7.911770e+00 -9.518241e-01 3.898781e-02 -3.041565e-01 -3.603866e+00
-3.111975e-01 -1.563947e-01 9.373878e-01 1.013904e+02 -1.418511e-02 9.870206e-01 1.599662e-01 8.128081e+00 -9.502395e-01 3.648411e-02 -3.093769e-01 -3.989665e+00
-3.138169e-01 -1.565927e-01 9.364810e-01 1.028939e+02 -1.500069e-02 9.870009e-01 1.600134e-01 8.341186e+00 -9.493651e-01 3.616702e-02 -3.120866e-01 -4.535667e+00
-3.156204e-01 -1.560009e-01 9.359736e-01 1.036767e+02 -1.529252e-02 9.871013e-01 1.593655e-01 8.479568e+00 -9.487624e-01 3.598559e-02 -3.139350e-01 -4.772308e+00
-3.182872e-01 -1.564776e-01 9.349904e-01 1.041847e+02 -1.566823e-02 9.870169e-01 1.598507e-01 8.603955e+00 -9.478649e-01 3.622878e-02 -3.166066e-01 -4.823942e+00
-3.221526e-01 -1.567506e-01 9.336199e-01 1.079541e+02 -1.555536e-02 9.869401e-01 1.603352e-01 9.051001e+00 -9.465600e-01 3.712960e-02 -3.203837e-01 -6.282730e+00
-3.248856e-01 -1.561877e-01 9.327667e-01 1.074802e+02 -1.281486e-02 9.869057e-01 1.607894e-01 9.041300e+00 -9.456666e-01 4.028487e-02 -3.226331e-01 -6.049367e+00
-3.281105e-01 -1.562956e-01 9.316192e-01 1.101729e+02 -1.119420e-02 9.867916e-01 1.616090e-01 9.410877e+00 -9.445732e-01 4.259688e-02 -3.255263e-01 -7.021203e+00
-3.290173e-01 -1.565696e-01 9.312533e-01 1.089895e+02 -9.564241e-03 9.866614e-01 1.625059e-01 9.360742e+00 -9.442756e-01 4.456051e-02 -3.261261e-01 -6.677902e+00
-3.325586e-01 -1.575626e-01 9.298269e-01 1.136905e+02 -1.025700e-02 9.864908e-01 1.634959e-01 9.920570e+00 -9.430270e-01 4.483472e-02 -3.296821e-01 -8.272699e+00
-3.344976e-01 -1.569511e-01 9.292345e-01 1.135340e+02 -1.112655e-02 9.866231e-01 1.626389e-01 1.003451e+01 -9.423311e-01 4.406314e-02 -3.317694e-01 -8.201350e+00
-3.392931e-01 -1.557121e-01 9.277030e-01 1.170047e+02 -1.281072e-02 9.868782e-01 1.609590e-01 1.041339e+01 -9.405937e-01 4.272773e-02 -3.368357e-01 -9.167216e+00
-3.433711e-01 -1.553551e-01 9.262614e-01 1.172529e+02 -1.462949e-02 9.869898e-01 1.601172e-01 1.037429e+01 -9.390861e-01 4.142888e-02 -3.411765e-01 -8.974798e+00
-3.430924e-01 -1.557175e-01 9.263037e-01 1.168930e+02 -1.714586e-02 9.870369e-01 1.595763e-01 1.041291e+01 -9.391453e-01 3.886714e-02 -3.413148e-01 -9.014944e+00
-3.527414e-01 -1.553066e-01 9.227418e-01 1.226817e+02 -2.052263e-02 9.871770e-01 1.583062e-01 1.109054e+01 -9.354960e-01 3.690403e-02 -3.514054e-01 -1.089397e+01
-3.596954e-01 -1.558103e-01 9.199682e-01 1.274814e+02 -2.012642e-02 9.870255e-01 1.592981e-01 1.159317e+01 -9.328529e-01 3.878313e-02 -3.581645e-01 -1.297497e+01
-3.599589e-01 -1.579199e-01 9.195053e-01 1.261997e+02 -2.256150e-02 9.867558e-01 1.606374e-01 1.153071e+01 -9.326954e-01 3.707746e-02 -3.587545e-01 -1.247775e+01
-3.621710e-01 -1.604777e-01 9.181930e-01 1.265765e+02 -2.535539e-02 9.863998e-01 1.623972e-01 1.157510e+01 -9.317669e-01 3.553442e-02 -3.613144e-01 -1.268754e+01
-3.643662e-01 -1.618242e-01 9.170875e-01 1.274568e+02 -2.760925e-02 9.862307e-01 1.630552e-01 1.174724e+01 -9.308465e-01 3.409170e-02 -3.638170e-01 -1.320342e+01
-3.679779e-01 -1.646931e-01 9.151326e-01 1.282652e+02 -3.378129e-02 9.859075e-01 1.638465e-01 1.178341e+01 -9.292208e-01 2.937752e-02 -3.683558e-01 -1.339263e+01
-3.723811e-01 -1.674075e-01 9.128560e-01 1.307199e+02 -4.082739e-02 9.855999e-01 1.640930e-01 1.199647e+01 -9.271815e-01 2.383558e-02 -3.738536e-01 -1.432242e+01
-3.795408e-01 -1.693909e-01 9.095354e-01 1.337806e+02 -4.696656e-02 9.853564e-01 1.639128e-01 1.232505e+01 -9.239822e-01 1.949386e-02 -3.819387e-01 -1.529580e+01
-3.869559e-01 -1.709360e-01 9.061154e-01 1.354681e+02 -4.948831e-02 9.851012e-01 1.647023e-01 1.245027e+01 -9.207694e-01 1.889037e-02 -3.896501e-01 -1.557020e+01
-3.950207e-01 -1.728221e-01 9.022695e-01 1.369752e+02 -5.380606e-02 9.848124e-01 1.650755e-01 1.272238e+01 -9.170953e-01 1.666067e-02 -3.983203e-01 -1.558952e+01
-3.966874e-01 -1.770277e-01 9.007215e-01 1.378689e+02 -5.956626e-02 9.841245e-01 1.671859e-01 1.278550e+01 -9.160193e-01 1.266792e-02 -4.009347e-01 -1.611993e+01
-4.031157e-01 -1.786193e-01 8.975477e-01 1.394730e+02 -6.211917e-02 9.838461e-01 1.678936e-01 1.295548e+01 -9.130384e-01 1.192563e-02 -4.076996e-01 -1.638037e+01
-4.120140e-01 -1.773737e-01 8.937461e-01 1.430448e+02 -6.134286e-02 9.840443e-01 1.670153e-01 1.345522e+01 -9.091104e-01 1.398770e-02 -4.163208e-01 -1.771694e+01
-4.268058e-01 -1.745695e-01 8.873338e-01 1.419386e+02 -6.157918e-02 9.845248e-01 1.640708e-01 1.369123e+01 -9.022444e-01 1.538505e-02 -4.309509e-01 -1.538903e+01
-4.348615e-01 -1.701386e-01 8.842778e-01 1.428227e+02 -5.794164e-02 9.852408e-01 1.610701e-01 1.408116e+01 -8.986315e-01 1.880666e-02 -4.383016e-01 -1.525523e+01
-4.387233e-01 -1.683375e-01 8.827136e-01 1.453920e+02 -5.666494e-02 9.855250e-01 1.597805e-01 1.447946e+01 -8.968340e-01 2.008050e-02 -4.419118e-01 -1.675288e+01
-4.378712e-01 -1.694319e-01 8.829272e-01 1.452778e+02 -5.915133e-02 9.853826e-01 1.597578e-01 1.451561e+01 -8.970899e-01 1.772697e-02 -4.414929e-01 -1.695418e+01
-4.416301e-01 -1.684614e-01 8.812392e-01 1.469986e+02 -5.823494e-02 9.855253e-01 1.592128e-01 1.479596e+01 -8.953055e-01 1.899423e-02 -4.450482e-01 -1.797993e+01
-4.451174e-01 -1.722329e-01 8.787521e-01 1.493519e+02 -6.037420e-02 9.848681e-01 1.624496e-01 1.489863e+01 -8.934349e-01 1.925515e-02 -4.487805e-01 -1.922982e+01
-4.418898e-01 -1.757434e-01 8.796855e-01 1.476692e+02 -6.006983e-02 9.842182e-01 1.664521e-01 1.452629e+01 -8.950561e-01 2.071090e-02 -4.454731e-01 -1.918408e+01
-4.416254e-01 -1.786090e-01 8.792410e-01 1.479134e+02 -6.217885e-02 9.837212e-01 1.686018e-01 1.454811e+01 -8.950426e-01 1.978862e-02 -4.455422e-01 -1.958117e+01
-4.458676e-01 -1.801628e-01 8.767796e-01 1.494327e+02 -6.501941e-02 9.834657e-01 1.690205e-01 1.474403e+01 -8.927346e-01 1.835305e-02 -4.502098e-01 -2.000192e+01
-4.502782e-01 -1.837476e-01 8.737766e-01 1.524360e+02 -6.783834e-02 9.828079e-01 1.717171e-01 1.495441e+01 -8.903078e-01 1.804487e-02 -4.550023e-01 -2.145295e+01
-4.512835e-01 -1.853510e-01 8.729188e-01 1.535758e+02 -6.955366e-02 9.825218e-01 1.726654e-01 1.519050e+01 -8.896662e-01 1.720632e-02 -4.562880e-01 -2.217189e+01
-4.528763e-01 -1.872149e-01 8.716953e-01 1.561904e+02 -7.113952e-02 9.821757e-01 1.739833e-01 1.545779e+01 -8.887309e-01 1.678088e-02 -4.581228e-01 -2.385568e+01
-4.607302e-01 -1.885993e-01 8.672699e-01 1.601211e+02 -7.397160e-02 9.819218e-01 1.742350e-01 1.601190e+01 -8.844526e-01 1.612196e-02 -4.663523e-01 -2.557286e+01
-4.571928e-01 -1.923061e-01 8.683272e-01 1.603162e+02 -7.549027e-02 9.812105e-01 1.775588e-01 1.593216e+01 -8.861582e-01 1.562830e-02 -4.631199e-01 -2.638844e+01
-4.588400e-01 -1.938208e-01 8.671207e-01 1.599187e+02 -7.767592e-02 9.809313e-01 1.781574e-01 1.597584e+01 -8.851173e-01 1.439132e-02 -4.651461e-01 -2.617681e+01
-4.604086e-01 -1.954246e-01 8.659285e-01 1.626315e+02 -7.868986e-02 9.806116e-01 1.794677e-01 1.624536e+01 -8.842127e-01 1.448861e-02 -4.668603e-01 -2.804134e+01
-4.595541e-01 -1.965648e-01 8.661243e-01 1.629658e+02 -7.987211e-02 9.803965e-01 1.801195e-01 1.641106e+01 -8.845512e-01 1.359543e-02 -4.662457e-01 -2.867085e+01
-4.630481e-01 -1.987990e-01 8.637502e-01 1.640053e+02 -8.178051e-02 9.799473e-01 1.817009e-01 1.654528e+01 -8.825524e-01 1.349829e-02 -4.700209e-01 -2.918258e+01
-4.679201e-01 -2.011836e-01 8.605666e-01 1.668918e+02 -8.419945e-02 9.794638e-01 1.831972e-01 1.679772e+01 -8.797508e-01 1.326234e-02 -4.752506e-01 -3.066973e+01
-4.733766e-01 -2.031979e-01 8.571022e-01 1.669752e+02 -8.501337e-02 9.790261e-01 1.851503e-01 1.679218e+01 -8.767483e-01 1.478059e-02 -4.807229e-01 -3.037447e+01
-4.733919e-01 -2.053671e-01 8.565765e-01 1.684980e+02 -8.542064e-02 9.785615e-01 1.874052e-01 1.693249e+01 -8.767005e-01 1.554671e-02 -4.807860e-01 -3.173717e+01
-4.660800e-01 -2.068943e-01 8.602110e-01 1.710299e+02 -8.625091e-02 9.782676e-01 1.885561e-01 1.730356e+01 -8.805286e-01 1.368820e-02 -4.737960e-01 -3.479496e+01
-4.644182e-01 -2.078355e-01 8.608826e-01 1.736572e+02 -8.603167e-02 9.780630e-01 1.897139e-01 1.761487e+01 -8.814276e-01 1.404336e-02 -4.721110e-01 -3.704387e+01
-4.564412e-01 -2.111507e-01 8.643354e-01 1.753993e+02 -8.453082e-02 9.773301e-01 1.941150e-01 1.772642e+01 -8.857293e-01 1.553902e-02 -4.639427e-01 -3.941522e+01
-4.508144e-01 -2.133933e-01 8.667344e-01 1.747315e+02 -8.359612e-02 9.768294e-01 1.970181e-01 1.752831e+01 -8.886948e-01 1.636291e-02 -4.582078e-01 -3.984916e+01
-4.583730e-01 -2.135581e-01 8.627200e-01 1.776568e+02 -8.481925e-02 9.767824e-01 1.967276e-01 1.794371e+01 -8.847035e-01 1.699933e-02 -4.658449e-01 -4.113852e+01
-4.718251e-01 -2.160343e-01 8.548152e-01 1.801674e+02 -8.936083e-02 9.762421e-01 1.973982e-01 1.834987e+01 -8.771523e-01 1.675036e-02 -4.799208e-01 -4.162614e+01
-4.683090e-01 -2.187893e-01 8.560471e-01 1.800276e+02 -9.204108e-02 9.756657e-01 1.990094e-01 1.833045e+01 -8.787580e-01 1.440636e-02 -4.770510e-01 -4.209118e+01
-4.746034e-01 -2.219891e-01 8.517460e-01 1.816021e+02 -9.524617e-02 9.749445e-01 2.010256e-01 1.850381e+01 -8.750315e-01 1.428185e-02 -4.838559e-01 -4.272359e+01
-4.762318e-01 -2.231556e-01 8.505313e-01 1.823563e+02 -9.664673e-02 9.746848e-01 2.016152e-01 1.864656e+01 -8.739926e-01 1.381445e-02 -4.857436e-01 -4.335336e+01
-4.790132e-01 -2.252854e-01 8.484054e-01 1.838938e+02 -9.922507e-02 9.742073e-01 2.026678e-01 1.887884e+01 -8.721818e-01 1.289743e-02 -4.890124e-01 -4.442314e+01
-4.832387e-01 -2.269228e-01 8.455679e-01 1.847483e+02 -1.025048e-01 9.738469e-01 2.027675e-01 1.907252e+01 -8.694674e-01 1.131028e-02 -4.938616e-01 -4.484565e+01
-4.862562e-01 -2.298912e-01 8.430324e-01 1.868071e+02 -1.053645e-01 9.731578e-01 2.046022e-01 1.940631e+01 -8.674408e-01 1.066334e-02 -4.974267e-01 -4.617850e+01
-4.854344e-01 -2.325031e-01 8.427896e-01 1.861242e+02 -1.061430e-01 9.725322e-01 2.071587e-01 1.926222e+01 -8.678062e-01 1.110567e-02 -4.967794e-01 -4.586180e+01
-4.854530e-01 -2.346094e-01 8.421951e-01 1.868920e+02 -1.073300e-01 9.720271e-01 2.089101e-01 1.939130e+01 -8.676498e-01 1.102312e-02 -4.970544e-01 -4.658906e+01
-4.928640e-01 -2.367123e-01 8.372879e-01 1.900152e+02 -1.080878e-01 9.714859e-01 2.110266e-01 1.986679e+01 -8.633670e-01 1.350675e-02 -5.043964e-01 -4.838948e+01
-4.929073e-01 -2.399962e-01 8.363270e-01 1.902528e+02 -1.104431e-01 9.706888e-01 2.134611e-01 1.987521e+01 -8.630441e-01 1.284994e-02 -5.049657e-01 -4.867537e+01
-4.927774e-01 -2.428677e-01 8.355743e-01 1.908045e+02 -1.122977e-01 9.699793e-01 2.157065e-01 1.996245e+01 -8.628790e-01 1.246215e-02 -5.052577e-01 -4.925839e+01
-4.963062e-01 -2.452483e-01 8.327857e-01 1.924396e+02 -1.132349e-01 9.693608e-01 2.179851e-01 2.022162e+01 -8.607314e-01 1.388688e-02 -5.088707e-01 -5.025329e+01
-4.947356e-01 -2.470244e-01 8.331952e-01 1.926264e+02 -1.157453e-01 9.689387e-01 2.185420e-01 2.025266e+01 -8.613015e-01 1.168204e-02 -5.079607e-01 -5.059035e+01
-4.952154e-01 -2.471267e-01 8.328798e-01 1.939648e+02 -1.177117e-01 9.689347e-01 2.175068e-01 2.049553e+01 -8.607591e-01 9.672905e-03 -5.089215e-01 -5.165834e+01
-4.951254e-01 -2.502743e-01 8.319930e-01 1.945355e+02 -1.207421e-01 9.681404e-01 2.193746e-01 2.056320e+01 -8.603911e-01 8.161334e-03 -5.095699e-01 -5.221866e+01
-4.991961e-01 -2.536247e-01 8.285388e-01 1.955217e+02 -1.250398e-01 9.672800e-01 2.207582e-01 2.078389e+01 -8.574199e-01 6.601220e-03 -5.145760e-01 -5.279428e+01
-5.008950e-01 -2.577934e-01 8.262237e-01 1.974831e+02 -1.274579e-01 9.661746e-01 2.241892e-01 2.114326e+01 -8.560720e-01 6.986418e-03 -5.168103e-01 -5.444405e+01
-4.995404e-01 -2.601300e-01 8.263114e-01 1.973109e+02 -1.276630e-01 9.655419e-01 2.267832e-01 2.102422e+01 -8.568326e-01 7.797935e-03 -5.155367e-01 -5.466242e+01
-4.998910e-01 -2.631713e-01 8.251355e-01 1.981599e+02 -1.307510e-01 9.647281e-01 2.284807e-01 2.114380e+01 -8.561622e-01 6.328059e-03 -5.166693e-01 -5.547199e+01
-5.029554e-01 -2.646286e-01 8.228039e-01 1.996574e+02 -1.319846e-01 9.643261e-01 2.294665e-01 2.144492e+01 -8.541759e-01 6.813905e-03 -5.199404e-01 -5.653227e+01
-4.990863e-01 -2.684661e-01 8.239160e-01 1.998193e+02 -1.345021e-01 9.632751e-01 2.324004e-01 2.139299e+01 -8.560505e-01 5.169339e-03 -5.168672e-01 -5.701609e+01
-5.007958e-01 -2.734009e-01 8.212516e-01 2.018129e+02 -1.382741e-01 9.618891e-01 2.359011e-01 2.170851e+01 -8.544497e-01 4.580334e-03 -5.195149e-01 -5.860033e+01
-5.006210e-01 -2.794674e-01 8.193139e-01 2.022481e+02 -1.444931e-01 9.601540e-01 2.392190e-01 2.173740e+01 -8.535226e-01 1.372698e-03 -5.210549e-01 -5.891869e+01
-5.028738e-01 -2.859887e-01 8.156759e-01 2.032635e+02 -1.544451e-01 9.582202e-01 2.407497e-01 2.196205e+01 -8.504500e-01 -4.910516e-03 -5.260339e-01 -5.942408e+01
-5.049121e-01 -2.908802e-01 8.126816e-01 2.045055e+02 -1.615449e-01 9.567165e-01 2.420675e-01 2.218584e+01 -8.479195e-01 -9.061817e-03 -5.300484e-01 -6.023172e+01
-5.082384e-01 -2.949918e-01 8.091183e-01 2.049771e+02 -1.686867e-01 9.554070e-01 2.423676e-01 2.229998e+01 -8.445348e-01 -1.330710e-02 -5.353362e-01 -6.029778e+01
-5.169458e-01 -2.968792e-01 8.028877e-01 2.066054e+02 -1.716586e-01 9.548339e-01 2.425396e-01 2.267774e+01 -8.386303e-01 -1.244285e-02 -5.445597e-01 -6.115874e+01
-5.182573e-01 -2.975703e-01 8.017856e-01 2.073186e+02 -1.698677e-01 9.546527e-01 2.445055e-01 2.281097e+01 -8.381854e-01 -9.480864e-03 -5.453038e-01 -6.203490e+01
-5.204692e-01 -2.998189e-01 7.995120e-01 2.079715e+02 -1.735963e-01 9.539276e-01 2.447166e-01 2.299063e+01 -8.360482e-01 -1.142501e-02 -5.485379e-01 -6.268074e+01
-5.241671e-01 -3.018283e-01 7.963338e-01 2.086986e+02 -1.750082e-01 9.533060e-01 2.461293e-01 2.312010e+01 -8.334395e-01 -1.035220e-02 -5.525146e-01 -6.325076e+01
-5.282149e-01 -3.029882e-01 7.932125e-01 2.091108e+02 -1.765162e-01 9.529434e-01 2.464560e-01 2.323100e+01 -8.305609e-01 -9.833255e-03 -5.568419e-01 -6.344490e+01
-5.355383e-01 -3.048290e-01 7.875767e-01 2.105362e+02 -1.836830e-01 9.523017e-01 2.436839e-01 2.365874e+01 -8.242935e-01 -1.416254e-02 -5.659865e-01 -6.410676e+01
-5.349122e-01 -3.092691e-01 7.862700e-01 2.112053e+02 -1.933932e-01 9.507104e-01 2.423810e-01 2.380467e+01 -8.224770e-01 -2.240685e-02 -5.683576e-01 -6.478490e+01
-5.359515e-01 -3.126457e-01 7.842242e-01 2.129192e+02 -2.017002e-01 9.494209e-01 2.406591e-01 2.421522e+01 -8.198009e-01 -2.919671e-02 -5.719048e-01 -6.638862e+01
-5.396370e-01 -3.174872e-01 7.797388e-01 2.138533e+02 -2.063895e-01 9.477955e-01 2.430780e-01 2.435459e+01 -8.162081e-01 -2.975615e-02 -5.769921e-01 -6.705517e+01
-5.416057e-01 -3.209862e-01 7.769364e-01 2.134872e+02 -2.095127e-01 9.466064e-01 2.450319e-01 2.417491e+01 -8.141057e-01 -3.006753e-02 -5.799385e-01 -6.691000e+01
-5.511065e-01 -3.210988e-01 7.701793e-01 2.156814e+02 -2.138776e-01 9.465185e-01 2.415757e-01 2.489149e+01 -8.065596e-01 -3.159031e-02 -5.903088e-01 -6.782510e+01
-5.569724e-01 -3.222243e-01 7.654752e-01 2.167246e+02 -2.174298e-01 9.460971e-01 2.400510e-01 2.521355e+01 -8.015649e-01 -3.273546e-02 -5.970116e-01 -6.816409e+01
-5.611432e-01 -3.282081e-01 7.598662e-01 2.153686e+02 -2.237466e-01 9.439955e-01 2.425073e-01 2.468362e+01 -7.969040e-01 -3.393633e-02 -6.031526e-01 -6.681234e+01
-5.654800e-01 -3.311235e-01 7.553732e-01 2.157519e+02 -2.275906e-01 9.429557e-01 2.429751e-01 2.475362e+01 -7.927391e-01 -3.451837e-02 -6.085836e-01 -6.703047e+01
-5.694698e-01 -3.326980e-01 7.516750e-01 2.174902e+02 -2.303519e-01 9.423836e-01 2.425925e-01 2.526159e+01 -7.890770e-01 -3.500078e-02 -6.132970e-01 -6.853163e+01
-5.743595e-01 -3.341025e-01 7.473190e-01 2.178492e+02 -2.335286e-01 9.418581e-01 2.415939e-01 2.543790e+01 -7.845864e-01 -3.575870e-02 -6.189881e-01 -6.744390e+01
-5.768523e-01 -3.356698e-01 7.446920e-01 2.187859e+02 -2.353421e-01 9.413043e-01 2.419923e-01 2.570328e+01 -7.822121e-01 -3.566374e-02 -6.219912e-01 -6.794680e+01
-5.814114e-01 -3.374987e-01 7.403070e-01 2.218462e+02 -2.379699e-01 9.406562e-01 2.419426e-01 2.657313e+01 -7.780305e-01 -3.550271e-02 -6.272232e-01 -6.977522e+01
-5.788212e-01 -3.388123e-01 7.417353e-01 2.197134e+02 -2.405832e-01 9.400631e-01 2.416632e-01 2.597950e+01 -7.791573e-01 -3.856947e-02 -6.256414e-01 -6.830701e+01
-5.736075e-01 -3.417051e-01 7.444535e-01 2.168999e+02 -2.494935e-01 9.385341e-01 2.385514e-01 2.517047e+01 -7.802101e-01 -4.890163e-02 -6.236038e-01 -6.688050e+01
-5.761669e-01 -3.389230e-01 7.437486e-01 2.200821e+02 -2.578915e-01 9.388728e-01 2.280568e-01 2.611769e+01 -7.755799e-01 -6.040787e-02 -6.283532e-01 -6.934274e+01
-5.796556e-01 -3.298696e-01 7.451071e-01 2.200382e+02 -2.489282e-01 9.423702e-01 2.235471e-01 2.600895e+01 -7.759088e-01 -5.589800e-02 -6.283644e-01 -6.915314e+01
-5.810742e-01 -3.292536e-01 7.442741e-01 2.201569e+02 -2.424957e-01 9.430164e-01 2.278507e-01 2.602777e+01 -7.768841e-01 -4.808520e-02 -6.278056e-01 -6.909466e+01
-5.815342e-01 -3.384981e-01 7.397541e-01 2.204315e+02 -2.439971e-01 9.400338e-01 2.383317e-01 2.604899e+01 -7.760694e-01 -4.189993e-02 -6.292548e-01 -6.969801e+01
-5.812271e-01 -3.484635e-01 7.353553e-01 2.214291e+02 -2.500254e-01 9.364340e-01 2.461277e-01 2.633423e+01 -7.743789e-01 -4.080153e-02 -6.314059e-01 -7.077097e+01
-5.812613e-01 -3.537988e-01 7.327762e-01 2.199785e+02 -2.554199e-01 9.343458e-01 2.485132e-01 2.584719e+01 -7.725906e-01 -4.271459e-02 -6.334667e-01 -6.945969e+01
-5.856699e-01 -3.557035e-01 7.283304e-01 2.227497e+02 -2.592529e-01 9.335679e-01 2.474654e-01 2.671521e+01 -7.679707e-01 -4.388884e-02 -6.389802e-01 -7.142375e+01
-5.876378e-01 -3.501323e-01 7.294440e-01 2.216534e+02 -2.534604e-01 9.358063e-01 2.449989e-01 2.639222e+01 -7.684009e-01 -4.091464e-02 -6.386602e-01 -7.096646e+01
-5.914360e-01 -3.441866e-01 7.292039e-01 2.236769e+02 -2.494493e-01 9.380621e-01 2.404471e-01 2.699733e+01 -7.667977e-01 -3.969047e-02 -6.406611e-01 -7.279480e+01
-5.940467e-01 -3.414027e-01 7.283901e-01 2.218739e+02 -2.492277e-01 9.390303e-01 2.368709e-01 2.641824e+01 -7.648492e-01 -4.082277e-02 -6.429151e-01 -7.102300e+01
-5.960062e-01 -3.410913e-01 7.269338e-01 2.220836e+02 -2.496595e-01 9.391424e-01 2.359700e-01 2.648006e+01 -7.631822e-01 -4.084649e-02 -6.448916e-01 -7.146303e+01
-5.985974e-01 -3.415840e-01 7.245696e-01 2.219724e+02 -2.497043e-01 9.390241e-01 2.363929e-01 2.643022e+01 -7.611368e-01 -3.942414e-02 -6.473926e-01 -7.141416e+01
-5.986837e-01 -3.420817e-01 7.242634e-01 2.207757e+02 -2.491277e-01 9.388921e-01 2.375227e-01 2.604581e+01 -7.612579e-01 -3.823330e-02 -6.473216e-01 -7.091634e+01
-5.998737e-01 -3.418411e-01 7.233918e-01 2.217521e+02 -2.488266e-01 9.390054e-01 2.373902e-01 2.631961e+01 -7.604191e-01 -3.759517e-02 -6.483441e-01 -7.189234e+01
-6.013547e-01 -3.414477e-01 7.223472e-01 2.213732e+02 -2.486390e-01 9.391677e-01 2.369446e-01 2.620705e+01 -7.593099e-01 -3.711611e-02 -6.496704e-01 -7.125633e+01
-6.022720e-01 -3.410119e-01 7.217885e-01 2.216214e+02 -2.486220e-01 9.393260e-01 2.363341e-01 2.628940e+01 -7.585881e-01 -3.711524e-02 -6.505131e-01 -7.166729e+01
-6.042571e-01 -3.416815e-01 7.198101e-01 2.228102e+02 -2.481470e-01 9.391596e-01 2.374915e-01 2.667735e+01 -7.571638e-01 -3.511296e-02 -6.522813e-01 -7.257221e+01
-6.058818e-01 -3.427346e-01 7.179413e-01 2.234384e+02 -2.473498e-01 9.388700e-01 2.394602e-01 2.685497e+01 -7.561255e-01 -3.249820e-02 -6.536198e-01 -7.313996e+01
-6.079412e-01 -3.432395e-01 7.159564e-01 2.248097e+02 -2.462691e-01 9.387738e-01 2.409463e-01 2.728296e+01 -7.548242e-01 -2.983692e-02 -6.552488e-01 -7.446348e+01
-6.078854e-01 -3.427961e-01 7.162162e-01 2.208711e+02 -2.477166e-01 9.388623e-01 2.391108e-01 2.597615e+01 -7.543954e-01 -3.206683e-02 -6.556371e-01 -7.234853e+01
-6.095216e-01 -3.429147e-01 7.147673e-01 2.211472e+02 -2.527930e-01 9.386132e-01 2.347357e-01 2.605453e+01 -7.513851e-01 -3.761189e-02 -6.587917e-01 -7.270069e+01
-6.116985e-01 -3.439758e-01 7.123938e-01 2.232076e+02 -2.572297e-01 9.380702e-01 2.320715e-01 2.671161e+01 -7.481030e-01 -4.129121e-02 -6.622972e-01 -7.422728e+01
-6.126364e-01 -3.443324e-01 7.114149e-01 2.246958e+02 -2.579161e-01 9.379330e-01 2.318644e-01 2.719038e+01 -7.470986e-01 -4.143700e-02 -6.634209e-01 -7.568825e+01
-6.132719e-01 -3.454977e-01 7.103016e-01 2.228716e+02 -2.606443e-01 9.374102e-01 2.309261e-01 2.656662e+01 -7.456289e-01 -4.351573e-02 -6.649394e-01 -7.442156e+01
-6.145559e-01 -3.468812e-01 7.085152e-01 2.260150e+02 -2.641612e-01 9.367746e-01 2.295047e-01 2.755875e+01 -7.433305e-01 -4.611892e-02 -6.673330e-01 -7.670192e+01
-6.169236e-01 -3.477058e-01 7.060490e-01 2.260052e+02 -2.658160e-01 9.364520e-01 2.289098e-01 2.750222e+01 -7.407748e-01 -4.645945e-02 -6.701453e-01 -7.679570e+01
-6.213916e-01 -3.491682e-01 7.013938e-01 2.238857e+02 -2.669374e-01 9.359963e-01 2.294680e-01 2.679658e+01 -7.366255e-01 -4.463895e-02 -6.748264e-01 -7.499032e+01
-6.230354e-01 -3.498326e-01 6.996022e-01 2.241923e+02 -2.643133e-01 9.359591e-01 2.326356e-01 2.689596e+01 -7.361831e-01 -3.997407e-02 -6.756012e-01 -7.509751e+01
-6.244692e-01 -3.510000e-01 6.977367e-01 2.245264e+02 -2.601077e-01 9.357979e-01 2.379634e-01 2.699407e+01 -7.364662e-01 -3.288598e-02 -6.756749e-01 -7.524222e+01
-6.254686e-01 -3.513280e-01 6.966757e-01 2.276234e+02 -2.555951e-01 9.358804e-01 2.424861e-01 2.803999e+01 -7.371977e-01 -2.639966e-02 -6.751615e-01 -7.793149e+01
-6.228822e-01 -3.529253e-01 6.981838e-01 2.264862e+02 -2.595537e-01 9.351375e-01 2.411431e-01 2.766840e+01 -7.380039e-01 -3.101258e-02 -6.740838e-01 -7.641451e+01
