1.000000e+00 0.000000e+00 0.000000e+00 0.000000e+00 0.000000e+00 1.000000e+00 0.000000e+00 0.000000e+00 0.000000e+00 0.000000e+00 1.000000e+00 0.000000e+00
9.999981e-01 4.531223e-04 1.909779e-03 6.521786e-03 -4.490912e-04 9.999977e-01 -2.110666e-03 -7.979895e-02 -1.910731e-03 2.109804e-03 9.999959e-01 9.716267e-01
9.999961e-01 -2.751216e-03 5.504825e-04 8.391372e-02 2.752143e-03 9.999948e-01 -1.691264e-03 -1.061236e-01 -5.458267e-04 1.692773e-03 9.999985e-01 1.643686e+00
9.999875e-01 -4.984225e-03 -2.299352e-04 1.057635e-01 4.985092e-03 9.999798e-01 3.940904e-03 -1.576679e-01 2.102881e-04 -3.942001e-03 9.999923e-01 2.398376e+00
9.999688e-01 -7.900653e-03 2.126264e-04 4.523960e-02 7.897684e-03 9.999026e-01 1.150726e-02 -1.941935e-01 -3.035207e-04 -1.150522e-02 9.999338e-01 3.043876e+00
9.999284e-01 -1.158088e-02 -3.034614e-03 1.043241e-01 1.162162e-02 9.998376e-01 1.376857e-02 -2.806787e-01 2.874670e-03 -1.380285e-02 9.999007e-01 3.954023e+00
9.998772e-01 -1.432258e-02 -6.360400e-03 1.756159e-01 1.440268e-02 9.998152e-01 1.273123e-02 -3.518571e-01 6.176881e-03 -1.282127e-02 9.998988e-01 4.998598e+00
9.998523e-01 -1.514866e-02 -8.122204e-03 2.062261e-01 1.523806e-02 9.998227e-01 1.105993e-02 -3.945654e-01 7.953222e-03 -1.118206e-02 9.999059e-01 5.704445e+00
9.998478e-01 -1.493864e-02 -9.016065e-03 1.860738e-01 1.504742e-02 9.998133e-01 1.211963e-02 -4.437290e-01 8.833331e-03 -1.225345e-02 9.998860e-01 6.511045e+00
9.998195e-01 -1.606662e-02 -1.013649e-02 1.529323e-01 1.622221e-02 9.997489e-01 1.545870e-02 -4.845407e-01 9.885575e-03 -1.562035e-02 9.998292e-01 7.389026e+00
9.998076e-01 -1.623981e-02 -1.099566e-02 1.418324e-01 1.645533e-02 9.996685e-01 1.980175e-02 -5.311440e-01 1.067044e-02 -1.997887e-02 9.997436e-01 8.228559e+00
9.997839e-01 -1.702885e-02 -1.191971e-02 1.199022e-01 1.729486e-02 9.995954e-01 2.258130e-02 -5.745599e-01 1.153035e-02 -2.278257e-02 9.996741e-01 9.178374e+00
9.997620e-01 -1.837916e-02 -1.174743e-02 1.144852e-01 1.867045e-02 9.995084e-01 2.518696e-02 -6.019700e-01 1.127874e-02 -2.540030e-02 9.996139e-01 9.866400e+00
9.997619e-01 -1.842164e-02 -1.168704e-02 8.868559e-02 1.871731e-02 9.994941e-01 2.571515e-02 -6.061267e-01 1.120741e-02 -2.592778e-02 9.996011e-01 1.065583e+01
9.998165e-01 -1.316257e-02 -1.390976e-02 1.678206e-01 1.351640e-02 9.995794e-01 2.565734e-02 -6.743273e-01 1.356620e-02 -2.584065e-02 9.995742e-01 1.146513e+01
9.997665e-01 -1.384048e-02 -1.659201e-02 1.937634e-01 1.425422e-02 9.995838e-01 2.508295e-02 -7.110730e-01 1.623794e-02 -2.531360e-02 9.995478e-01 1.235631e+01
9.996973e-01 -1.573503e-02 -1.891130e-02 2.011220e-01 1.621480e-02 9.995436e-01 2.548927e-02 -7.461487e-01 1.850160e-02 -2.578820e-02 9.994963e-01 1.303711e+01
9.996099e-01 -1.694397e-02 -2.220011e-02 2.303305e-01 1.753473e-02 9.994900e-01 2.669169e-02 -7.783942e-01 2.173652e-02 -2.707056e-02 9.993973e-01 1.378028e+01
9.995518e-01 -1.644603e-02 -2.501418e-02 2.684568e-01 1.712270e-02 9.994866e-01 2.708186e-02 -7.901669e-01 2.455595e-02 -2.749803e-02 9.993203e-01 1.446773e+01
9.994743e-01 -1.536719e-02 -2.854643e-02 3.352363e-01 1.618130e-02 9.994625e-01 2.850975e-02 -8.173425e-01 2.809298e-02 -2.895668e-02 9.991859e-01 1.529481e+01
9.992983e-01 -1.662169e-02 -3.356485e-02 4.626100e-01 1.765422e-02 9.993727e-01 3.070374e-02 -8.424971e-01 3.303346e-02 -3.127476e-02 9.989649e-01 1.606921e+01
9.992021e-01 -1.790751e-02 -3.569933e-02 4.553711e-01 1.911985e-02 9.992420e-01 3.391240e-02 -8.931739e-01 3.506498e-02 -3.456790e-02 9.987871e-01 1.693330e+01
9.990084e-01 -2.016429e-02 -3.969615e-02 5.522182e-01 2.158648e-02 9.991284e-01 3.573013e-02 -9.065596e-01 3.894108e-02 -3.655159e-02 9.985729e-01 1.768995e+01
9.989030e-01 -2.281153e-02 -4.089529e-02 5.356388e-01 2.430846e-02 9.990385e-01 3.648801e-02 -9.062310e-01 4.002363e-02 -3.744208e-02 9.984971e-01 1.832005e+01
9.989992e-01 -2.348308e-02 -3.806663e-02 3.682968e-01 2.489008e-02 9.990084e-01 3.691855e-02 -9.207609e-01 3.716192e-02 -3.782908e-02 9.985931e-01 1.903768e+01
9.990253e-01 -2.386395e-02 -3.713407e-02 2.676040e-01 2.527675e-02 9.989561e-01 3.805294e-02 -9.339241e-01 3.618721e-02 -3.895447e-02 9.985856e-01 1.964627e+01
9.988910e-01 -2.308762e-02 -4.103434e-02 4.588833e-01 2.474169e-02 9.988826e-01 4.026894e-02 -9.169021e-01 4.005878e-02 -4.123953e-02 9.983460e-01 2.040392e+01
9.988067e-01 -2.319807e-02 -4.297875e-02 5.096170e-01 2.507047e-02 9.987366e-01 4.355115e-02 -9.278874e-01 4.191415e-02 -4.457667e-02 9.981263e-01 2.123155e+01
9.988461e-01 -2.380330e-02 -4.171360e-02 3.206760e-01 2.568354e-02 9.986507e-01 4.513407e-02 -8.898030e-01 4.058298e-02 -4.615334e-02 9.981097e-01 2.195670e+01
9.989165e-01 -2.372183e-02 -4.003850e-02 1.441016e-01 2.552900e-02 9.986497e-01 4.524476e-02 -8.920007e-01 3.891115e-02 -4.621787e-02 9.981733e-01 2.279058e+01
9.988220e-01 -2.330505e-02 -4.256219e-02 1.667450e-01 2.513184e-02 9.987632e-01 4.290192e-02 -8.744432e-01 4.150972e-02 -4.392104e-02 9.981723e-01 2.361836e+01
9.987535e-01 -2.336548e-02 -4.410769e-02 1.298030e-01 2.519540e-02 9.988251e-01 4.139768e-02 -8.563651e-01 4.308859e-02 -4.245738e-02 9.981688e-01 2.441143e+01
9.987550e-01 -2.332895e-02 -4.409264e-02 6.099954e-03 2.516932e-02 9.988151e-01 4.165483e-02 -8.675522e-01 4.306863e-02 -4.271274e-02 9.981587e-01 2.534160e+01
9.986979e-01 -2.384140e-02 -4.509840e-02 -8.562748e-02 2.570960e-02 9.988157e-01 4.130879e-02 -8.497193e-01 4.406012e-02 -4.241446e-02 9.981282e-01 2.609589e+01
9.982664e-01 -2.431450e-02 -5.359961e-02 1.708887e-01 2.649059e-02 9.988377e-01 4.026929e-02 -8.132909e-01 5.255818e-02 -4.161936e-02 9.977502e-01 2.711207e+01
9.981695e-01 -2.415286e-02 -5.544399e-02 1.029912e-01 2.642004e-02 9.988291e-01 4.052915e-02 -8.125144e-01 5.440018e-02 -4.191979e-02 9.976389e-01 2.798374e+01
9.980823e-01 -2.440319e-02 -5.688613e-02 1.954949e-02 2.681597e-02 9.987559e-01 4.204394e-02 -8.128134e-01 5.578934e-02 -4.348876e-02 9.974950e-01 2.878463e+01
9.982907e-01 -2.555554e-02 -5.255844e-02 -3.144193e-01 2.794919e-02 9.985813e-01 4.532337e-02 -8.277968e-01 5.132561e-02 -4.671486e-02 9.975888e-01 2.914548e+01
9.980992e-01 -2.488379e-02 -5.637823e-02 -3.253855e-01 2.752454e-02 9.985363e-01 4.655796e-02 -7.911004e-01 5.513716e-02 -4.802124e-02 9.973233e-01 3.002305e+01
9.978836e-01 -2.374564e-02 -6.053226e-02 -2.974957e-01 2.660297e-02 9.985480e-01 4.684278e-02 -7.665539e-01 5.933204e-02 -4.835398e-02 9.970665e-01 3.071387e+01
9.976295e-01 -2.223735e-02 -6.511929e-02 -3.355834e-01 2.528105e-02 9.986078e-01 4.629546e-02 -7.565355e-01 6.399913e-02 -4.783201e-02 9.968030e-01 3.180801e+01
9.974877e-01 -2.153304e-02 -6.748556e-02 -4.085386e-01 2.467163e-02 9.986355e-01 4.602437e-02 -7.477878e-01 6.640241e-02 -4.757374e-02 9.966581e-01 3.236463e+01
9.971780e-01 -2.109610e-02 -7.204564e-02 -3.432072e-01 2.452805e-02 9.985895e-01 4.708811e-02 -7.204717e-01 7.095062e-02 -4.872238e-02 9.962893e-01 3.312708e+01
9.972230e-01 -2.037354e-02 -7.162826e-02 -5.141307e-01 2.393318e-02 9.985024e-01 4.919412e-02 -7.108184e-01 7.051869e-02 -5.077182e-02 9.962175e-01 3.385408e+01
9.971744e-01 -1.773294e-02 -7.299466e-02 -5.178885e-01 2.143303e-02 9.985080e-01 5.022262e-02 -7.066728e-01 7.199512e-02 -5.164523e-02 9.960670e-01 3.449693e+01
9.972467e-01 -1.508811e-02 -7.259959e-02 -5.615715e-01 1.867547e-02 9.986246e-01 4.899049e-02 -7.003962e-01 7.176053e-02 -5.021146e-02 9.961572e-01 3.526019e+01
9.972824e-01 -1.389997e-02 -7.234672e-02 -5.848408e-01 1.725489e-02 9.987944e-01 4.595620e-02 -6.796236e-01 7.162068e-02 -4.707966e-02 9.963202e-01 3.599677e+01
9.972612e-01 -1.377762e-02 -7.266127e-02 -5.502571e-01 1.703445e-02 9.988688e-01 4.439444e-02 -6.656204e-01 7.196739e-02 -4.551061e-02 9.963681e-01 3.672731e+01
9.973497e-01 -1.326078e-02 -7.153325e-02 -5.713407e-01 1.653432e-02 9.988335e-01 4.536606e-02 -6.469044e-01 7.084818e-02 -4.642859e-02 9.964060e-01 3.766055e+01
9.973966e-01 -8.731527e-03 -7.157615e-02 -5.370622e-01 1.223860e-02 9.987381e-01 4.870651e-02 -6.495782e-01 7.106051e-02 -4.945572e-02 9.962451e-01 3.854405e+01
9.975140e-01 -4.732432e-03 -7.030421e-02 -4.940929e-01 8.461736e-03 9.985669e-01 5.284251e-02 -6.424289e-01 6.995334e-02 -5.330605e-02 9.961250e-01 3.887658e+01
9.976345e-01 -2.907095e-04 -6.873512e-02 -4.743492e-01 4.009746e-03 9.985341e-01 5.397501e-02 -6.250591e-01 6.861863e-02 -5.412295e-02 9.961738e-01 3.977687e+01
9.978490e-01 3.010852e-03 -6.547966e-02 -4.569893e-01 5.597160e-04 9.985166e-01 5.444283e-02 -6.023384e-01 6.554641e-02 -5.436239e-02 9.963676e-01 4.037916e+01
9.982628e-01 6.226453e-03 -5.858155e-02 -6.045285e-01 -2.931340e-03 9.984168e-01 5.616699e-02 -5.544243e-01 5.883850e-02 -5.589771e-02 9.967013e-01 4.082067e+01
9.986105e-01 1.039718e-02 -5.165411e-02 -7.036673e-01 -7.387043e-03 9.982815e-01 5.812766e-02 -5.562311e-01 5.216968e-02 -5.766533e-02 9.969720e-01 4.152725e+01
9.989440e-01 1.181592e-02 -4.438898e-02 -7.889258e-01 -9.224554e-03 9.982657e-01 5.813647e-02 -5.361745e-01 4.499890e-02 -5.766562e-02 9.973213e-01 4.209079e+01
9.992730e-01 1.246780e-02 -3.601684e-02 -9.254731e-01 -1.031607e-02 9.981852e-01 5.932247e-02 -5.454831e-01 3.669106e-02 -5.890780e-02 9.975890e-01 4.229785e+01
9.995757e-01 1.333432e-02 -2.588195e-02 -1.179601e+00 -1.176979e-02 9.981474e-01 5.968733e-02 -5.453169e-01 2.662983e-02 -5.935738e-02 9.978817e-01 4.292173e+01
9.997911e-01 1.392623e-02 -1.493194e-02 -1.443306e+00 -1.303961e-02 9.982360e-01 5.791485e-02 -5.488806e-01 1.571207e-02 -5.770805e-02 9.982100e-01 4.327341e+01
9.998881e-01 1.371703e-02 -5.891209e-03 -1.604750e+00 -1.336264e-02 9.983137e-01 5.648340e-02 -5.855854e-01 6.655986e-03 -5.639836e-02 9.983862e-01 4.397675e+01
9.999257e-01 1.134659e-02 4.357518e-03 -1.805088e+00 -1.157698e-02 9.983010e-01 5.709795e-02 -5.808926e-01 -3.702329e-03 -5.714415e-02 9.983591e-01 4.425007e+01
9.998738e-01 9.489038e-03 1.271107e-02 -1.841424e+00 -1.022753e-02 9.981843e-01 5.935226e-02 -5.800911e-01 -1.212488e-02 -5.947477e-02 9.981562e-01 4.443026e+01
9.994085e-01 1.175225e-02 3.230418e-02 -2.483538e+00 -1.356535e-02 9.983104e-01 5.649223e-02 -3.565843e-01 -3.158579e-02 -5.689703e-02 9.978803e-01 4.570178e+01
9.987982e-01 1.533809e-02 4.654010e-02 -2.770110e+00 -1.785693e-02 9.983700e-01 5.419783e-02 -2.025636e-01 -4.563307e-02 -5.496376e-02 9.974450e-01 4.672399e+01
9.983585e-01 1.962887e-02 5.379640e-02 -2.660046e+00 -2.254806e-02 9.982746e-01 5.420518e-02 -1.976934e-01 -5.263973e-02 -5.532921e-02 9.970796e-01 4.686957e+01
9.978021e-01 2.282864e-02 6.220149e-02 -2.600813e+00 -2.621071e-02 9.981903e-01 5.411083e-02 -1.691055e-01 -6.085379e-02 -5.562224e-02 9.965957e-01 4.740691e+01
9.970644e-01 2.200248e-02 7.333244e-02 -2.652523e+00 -2.602014e-02 9.981856e-01 5.428970e-02 -1.286939e-01 -7.200503e-02 -5.603845e-02 9.958287e-01 4.805537e+01
9.962400e-01 1.986250e-02 8.432332e-02 -2.660935e+00 -2.443856e-02 9.982635e-01 5.358732e-02 -1.486311e-01 -8.311268e-02 -5.544658e-02 9.949964e-01 4.829866e+01
9.952628e-01 1.653315e-02 9.580016e-02 -2.653731e+00 -2.143930e-02 9.984978e-01 5.041146e-02 -1.553833e-01 -9.482297e-02 -5.222652e-02 9.941232e-01 4.835255e+01
9.939758e-01 1.658461e-02 1.083327e-01 -2.570261e+00 -2.192256e-02 9.985932e-01 4.827002e-02 -2.122909e-01 -1.073800e-01 -5.035415e-02 9.929420e-01 4.864761e+01
9.923461e-01 1.780099e-02 1.221936e-01 -2.429346e+00 -2.369142e-02 9.986169e-01 4.692327e-02 -2.066910e-01 -1.211895e-01 -4.945905e-02 9.913964e-01 4.884127e+01
9.904221e-01 1.943018e-02 1.366947e-01 -2.279392e+00 -2.596356e-02 9.985953e-01 4.617589e-02 -1.979245e-01 -1.356057e-01 -4.928269e-02 9.895363e-01 4.918867e+01
9.882387e-01 1.947630e-02 1.516703e-01 -2.105310e+00 -2.669015e-02 9.985993e-01 4.567298e-02 -1.889273e-01 -1.505685e-01 -4.918390e-02 9.873752e-01 4.941726e+01
9.851601e-01 1.765775e-02 1.707237e-01 -2.098574e+00 -2.576469e-02 9.986366e-01 4.538730e-02 -1.822790e-01 -1.696897e-01 -4.911239e-02 9.842728e-01 4.971093e+01
9.821703e-01 1.640168e-02 1.872734e-01 -1.837220e+00 -2.544231e-02 9.986181e-01 4.597384e-02 -1.735769e-01 -1.862608e-01 -4.991880e-02 9.812312e-01 4.985587e+01
9.782617e-01 1.651284e-02 2.067130e-01 -1.731873e+00 -2.649846e-02 9.986064e-01 4.563144e-02 -1.695155e-01 -2.056716e-01 -5.011706e-02 9.773368e-01 4.991000e+01
9.736439e-01 1.791471e-02 2.273665e-01 -1.610485e+00 -2.876976e-02 9.985937e-01 4.451838e-02 -1.690680e-01 -2.262495e-01 -4.988632e-02 9.727909e-01 5.019973e+01
9.685245e-01 1.802180e-02 2.482626e-01 -1.364097e+00 -2.987227e-02 9.985822e-01 4.404926e-02 -1.837858e-01 -2.471170e-01 -5.007895e-02 9.676905e-01 5.030587e+01
9.622716e-01 1.886328e-02 2.714339e-01 -1.136533e+00 -3.194644e-02 9.985263e-01 4.386216e-02 -1.729112e-01 -2.702068e-01 -5.087866e-02 9.614569e-01 5.042547e+01
9.550669e-01 2.062440e-02 2.956699e-01 -8.770126e-01 -3.551767e-02 9.983510e-01 4.508869e-02 -2.018674e-01 -2.942528e-01 -5.356422e-02 9.542252e-01 5.074962e+01
9.472569e-01 2.285774e-02 3.196572e-01 -5.754701e-01 -3.924243e-02 9.982196e-01 4.490947e-02 -1.803579e-01 -3.180619e-01 -5.508493e-02 9.464681e-01 5.075546e+01
9.381487e-01 2.324489e-02 3.454497e-01 -2.509729e-01 -4.123467e-02 9.981434e-01 4.481847e-02 -1.864640e-01 -3.437670e-01 -5.629090e-02 9.373661e-01 5.096069e+01
9.274204e-01 2.073023e-02 3.734443e-01 7.051578e-02 -4.017926e-02 9.982064e-01 4.437083e-02 -2.106780e-01 -3.718551e-01 -5.615513e-02 9.265906e-01 5.121135e+01
9.147183e-01 1.737437e-02 4.037171e-01 3.307981e-01 -3.791232e-02 9.983579e-01 4.293417e-02 -2.084820e-01 -4.023086e-01 -5.457852e-02 9.138756e-01 5.125122e+01
9.005913e-01 1.625171e-02 4.343617e-01 7.717084e-01 -3.727664e-02 9.985065e-01 3.992892e-02 -2.179728e-01 -4.330646e-01 -5.215118e-02 8.998528e-01 5.148087e+01
8.849306e-01 1.709628e-02 4.654080e-01 1.169252e+00 -3.861003e-02 9.985785e-01 3.673169e-02 -2.484531e-01 -4.641190e-01 -5.047441e-02 8.843334e-01 5.160289e+01
8.657180e-01 1.787176e-02 5.002118e-01 1.409995e+00 -4.028164e-02 9.986080e-01 3.403692e-02 -2.806346e-01 -4.989077e-01 -4.961573e-02 8.652335e-01 5.184986e+01
8.432091e-01 1.926615e-02 5.372394e-01 1.640948e+00 -4.319153e-02 9.985543e-01 3.198054e-02 -3.165115e-01 -5.358471e-01 -5.017047e-02 8.428229e-01 5.218773e+01
8.189165e-01 2.199991e-02 5.734900e-01 1.941123e+00 -4.876933e-02 9.983177e-01 3.134340e-02 -3.789682e-01 -5.718362e-01 -5.363635e-02 8.186123e-01 5.247360e+01
7.952994e-01 2.498289e-02 6.057010e-01 2.498236e+00 -5.419083e-02 9.980797e-01 2.998679e-02 -4.151331e-01 -6.037894e-01 -5.667191e-02 7.951266e-01 5.275724e+01
7.670257e-01 2.477565e-02 6.411371e-01 2.803973e+00 -5.645896e-02 9.979838e-01 2.897943e-02 -4.499106e-01 -6.391271e-01 -5.842590e-02 7.668785e-01 5.279465e+01
7.364829e-01 2.179867e-02 6.761042e-01 3.232411e+00 -5.600042e-02 9.980141e-01 2.882394e-02 -4.318598e-01 -6.741338e-01 -5.909044e-02 7.362415e-01 5.284776e+01
7.031851e-01 2.052608e-02 7.107099e-01 3.689123e+00 -5.655136e-02 9.980305e-01 2.712841e-02 -3.861766e-01 -7.087539e-01 -5.926789e-02 7.029614e-01 5.294640e+01
6.686430e-01 1.868335e-02 7.433482e-01 4.093410e+00 -5.789062e-02 9.979575e-01 2.699002e-02 -4.075264e-01 -7.413264e-01 -6.107957e-02 6.683593e-01 5.283267e+01
6.325023e-01 1.705614e-02 7.743701e-01 4.534720e+00 -5.892841e-02 9.979191e-01 2.615250e-02 -4.615701e-01 -7.723134e-01 -6.217390e-02 6.321916e-01 5.265637e+01
5.917032e-01 2.017554e-02 8.059028e-01 4.931735e+00 -6.571650e-02 9.975663e-01 2.327605e-02 -4.519061e-01 -8.034727e-01 -6.673361e-02 5.915895e-01 5.265123e+01
5.503231e-01 1.816227e-02 8.347537e-01 5.574860e+00 -7.366817e-02 9.969201e-01 2.687617e-02 -5.725940e-01 -8.316954e-01 -7.628534e-02 5.499665e-01 5.289133e+01
5.053834e-01 1.581910e-02 8.627493e-01 6.093851e+00 -7.949498e-02 9.964331e-01 2.829650e-02 -6.341765e-01 -8.592252e-01 -8.288482e-02 5.048386e-01 5.318952e+01
4.591017e-01 1.476583e-02 8.882605e-01 6.462882e+00 -8.544987e-02 9.959595e-01 2.760905e-02 -6.890733e-01 -8.842645e-01 -8.857710e-02 4.585086e-01 5.337897e+01
4.152548e-01 1.402711e-02 9.095965e-01 7.285032e+00 -8.780089e-02 9.958307e-01 2.472650e-02 -7.699950e-01 -9.054580e-01 -9.013117e-02 4.147553e-01 5.356973e+01
3.690755e-01 9.099260e-03 9.293544e-01 7.558962e+00 -8.072903e-02 9.964861e-01 2.230348e-02 -7.963031e-01 -9.258865e-01 -8.325753e-02 3.685134e-01 5.364389e+01
3.246412e-01 1.777805e-03 9.458351e-01 7.890473e+00 -7.109841e-02 9.972144e-01 2.252891e-02 -8.123775e-01 -9.431611e-01 -7.456116e-02 3.238634e-01 5.374126e+01
2.872415e-01 -4.440872e-04 9.578576e-01 8.193508e+00 -6.368861e-02 9.977776e-01 1.956150e-02 -8.132498e-01 -9.557384e-01 -6.662347e-02 2.865750e-01 5.358916e+01
2.542289e-01 -9.265472e-05 9.671436e-01 9.100578e+00 -5.960242e-02 9.980972e-01 1.576307e-02 -8.393258e-01 -9.653056e-01 -6.165150e-02 2.537398e-01 5.377905e+01
2.239444e-01 -7.811121e-04 9.746011e-01 9.260784e+00 -5.157767e-02 9.985883e-01 1.265190e-02 -8.411085e-01 -9.732361e-01 -5.310094e-02 2.235881e-01 5.361479e+01
1.958083e-01 -3.722508e-03 9.806347e-01 9.568972e+00 -4.516834e-02 9.988967e-01 1.281084e-02 -8.624105e-01 -9.796013e-01 -4.680207e-02 1.954242e-01 5.360744e+01
1.745135e-01 -6.599270e-03 9.846322e-01 1.018832e+01 -3.688213e-02 9.992315e-01 1.323403e-02 -8.664317e-01 -9.839637e-01 -3.862480e-02 1.741361e-01 5.361488e+01
1.572258e-01 -8.165162e-03 9.875285e-01 1.071430e+01 -3.300840e-02 9.993632e-01 1.351835e-02 -8.755129e-01 -9.870107e-01 -3.472212e-02 1.568562e-01 5.349625e+01
1.417848e-01 -6.647030e-03 9.898748e-01 1.116575e+01 -3.174770e-02 9.994320e-01 1.125861e-02 -8.755412e-01 -9.893881e-01 -3.302249e-02 1.414933e-01 5.349718e+01
1.279117e-01 -7.432718e-03 9.917573e-01 1.145314e+01 -3.229663e-02 9.994099e-01 1.165554e-02 -8.908063e-01 -9.912594e-01 -3.352125e-02 1.275963e-01 5.349665e+01
1.193034e-01 -7.172000e-03 9.928315e-01 1.239497e+01 -3.262263e-02 9.994052e-01 1.113960e-02 -9.563152e-01 -9.923216e-01 -3.371772e-02 1.189985e-01 5.347290e+01
1.097172e-01 -5.746724e-03 9.939458e-01 1.291568e+01 -2.801348e-02 9.995677e-01 8.871531e-03 -9.673368e-01 -9.935678e-01 -2.881719e-02 1.095088e-01 5.351499e+01
1.043207e-01 -4.168265e-03 9.945346e-01 1.339930e+01 -2.356201e-02 9.996997e-01 6.661448e-03 -9.535307e-01 -9.942644e-01 -2.412811e-02 1.041912e-01 5.347726e+01
9.994496e-02 -5.247061e-03 9.949788e-01 1.395843e+01 -2.334862e-02 9.996979e-01 7.617322e-03 -9.584802e-01 -9.947188e-01 -2.399264e-02 9.979229e-02 5.351791e+01
9.762669e-02 -8.650017e-03 9.951851e-01 1.491970e+01 -2.646364e-02 9.995856e-01 1.128434e-02 -1.027618e+00 -9.948710e-01 -2.743782e-02 9.735736e-02 5.356860e+01
9.549940e-02 -1.594058e-02 9.953015e-01 1.578590e+01 -2.924423e-02 9.993948e-01 1.881215e-02 -1.074457e+00 -9.949996e-01 -3.090332e-02 9.497547e-02 5.365578e+01
9.440136e-02 -2.159072e-02 9.952998e-01 1.588636e+01 -2.762721e-02 9.993225e-01 2.429836e-02 -1.003693e+00 -9.951506e-01 -2.979109e-02 9.374095e-02 5.362423e+01
9.518046e-02 -2.522874e-02 9.951399e-01 1.676413e+01 -2.505259e-02 9.993010e-01 2.773041e-02 -1.050473e+00 -9.951445e-01 -2.757017e-02 9.448192e-02 5.361953e+01
9.607049e-02 -2.350306e-02 9.950966e-01 1.738210e+01 -2.139779e-02 9.994410e-01 2.567151e-02 -1.033277e+00 -9.951443e-01 -2.375908e-02 9.551391e-02 5.362068e+01
9.755569e-02 -1.717240e-02 9.950815e-01 1.836056e+01 -2.063481e-02 9.996008e-01 1.927341e-02 -1.096255e+00 -9.950159e-01 -2.241348e-02 9.716243e-02 5.367440e+01
1.003490e-01 -9.538442e-03 9.949062e-01 1.908806e+01 -1.954188e-02 9.997417e-01 1.155587e-02 -1.093480e+00 -9.947602e-01 -2.060189e-02 1.001367e-01 5.371310e+01
1.026944e-01 -9.235193e-03 9.946697e-01 1.901056e+01 -1.830879e-02 9.997694e-01 1.117285e-02 -1.016052e+00 -9.945442e-01 -1.935852e-02 1.025017e-01 5.370623e+01
1.052608e-01 -1.441422e-02 9.943398e-01 1.975065e+01 -1.858546e-02 9.996913e-01 1.645927e-02 -1.051332e+00 -9.942707e-01 -2.021271e-02 1.049605e-01 5.377540e+01
1.087231e-01 -2.142428e-02 9.938408e-01 2.043435e+01 -1.825183e-02 9.995556e-01 2.354419e-02 -1.051374e+00 -9.939042e-01 -2.069914e-02 1.082839e-01 5.382034e+01
1.141987e-01 -2.432362e-02 9.931598e-01 2.195362e+01 -1.996595e-02 9.994416e-01 2.677328e-02 -1.189549e+00 -9.932570e-01 -2.288678e-02 1.136494e-01 5.382275e+01
1.179123e-01 -2.046040e-02 9.928129e-01 2.196507e+01 -1.139764e-02 9.996933e-01 2.195587e-02 -1.134862e+00 -9.929583e-01 -1.390452e-02 1.176430e-01 5.377018e+01
1.218046e-01 -1.579071e-02 9.924281e-01 2.269298e+01 -9.257458e-03 9.998112e-01 1.704441e-02 -1.150452e+00 -9.925106e-01 -1.126338e-02 1.216355e-01 5.383950e+01
1.251829e-01 -1.468787e-02 9.920247e-01 2.323470e+01 -1.419442e-02 9.997608e-01 1.659361e-02 -1.118004e+00 -9.920318e-01 -1.615838e-02 1.249445e-01 5.391086e+01
1.296883e-01 -1.854166e-02 9.913812e-01 2.428855e+01 -1.841978e-02 9.996068e-01 2.110513e-02 -1.177920e+00 -9.913834e-01 -2.099804e-02 1.292959e-01 5.400544e+01
1.361726e-01 -2.403269e-02 9.903933e-01 2.490434e+01 -1.351826e-02 9.995669e-01 2.611399e-02 -1.221878e+00 -9.905926e-01 -1.694433e-02 1.357888e-01 5.397181e+01
1.384547e-01 -2.329342e-02 9.900946e-01 2.454968e+01 -8.299730e-03 9.996603e-01 2.467912e-02 -1.099179e+00 -9.903337e-01 -1.163438e-02 1.382145e-01 5.401287e+01
1.409177e-01 -1.995238e-02 9.898201e-01 2.566034e+01 -7.770978e-03 9.997431e-01 2.125876e-02 -1.165731e+00 -9.899905e-01 -1.068753e-02 1.407266e-01 5.423288e+01
1.459558e-01 -1.948322e-02 9.890991e-01 2.657610e+01 -1.039565e-02 9.997199e-01 2.122648e-02 -1.208887e+00 -9.892362e-01 -1.338038e-02 1.457125e-01 5.430797e+01
1.512267e-01 -2.195690e-02 9.882550e-01 2.761404e+01 -1.095862e-02 9.996539e-01 2.388711e-02 -1.288515e+00 -9.884381e-01 -1.444221e-02 1.509339e-01 5.436701e+01
1.542788e-01 -2.561394e-02 9.876952e-01 2.786720e+01 -6.514833e-03 9.996150e-01 2.694071e-02 -1.238026e+00 -9.880057e-01 -1.059097e-02 1.540526e-01 5.441506e+01
1.582215e-01 -2.642986e-02 9.870497e-01 2.832056e+01 -4.196637e-04 9.996390e-01 2.683425e-02 -1.220870e+00 -9.874033e-01 -4.659903e-03 1.581535e-01 5.444614e+01
1.631520e-01 -2.766516e-02 9.862128e-01 2.950260e+01 4.197554e-03 9.996164e-01 2.734677e-02 -1.303649e+00 -9.865918e-01 -3.219130e-04 1.632057e-01 5.455256e+01
1.666897e-01 -2.815229e-02 9.856073e-01 2.994140e+01 5.090671e-03 9.996028e-01 2.769112e-02 -1.286709e+00 -9.859961e-01 4.016648e-04 1.667669e-01 5.459276e+01
1.701352e-01 -3.051849e-02 9.849479e-01 3.051167e+01 7.462461e-03 9.995308e-01 2.968134e-02 -1.286636e+00 -9.853923e-01 2.300382e-03 1.702833e-01 5.470443e+01
1.738743e-01 -3.220428e-02 9.842410e-01 3.122879e+01 9.639460e-03 9.994721e-01 3.099978e-02 -1.294644e+00 -9.847205e-01 4.097577e-03 1.740931e-01 5.483113e+01
1.759865e-01 -3.234182e-02 9.838610e-01 3.225680e+01 8.004686e-03 9.994733e-01 3.142323e-02 -1.344505e+00 -9.843598e-01 2.345522e-03 1.761528e-01 5.507842e+01
1.787994e-01 -3.041050e-02 9.834153e-01 3.289339e+01 5.300933e-03 9.995367e-01 2.994526e-02 -1.332579e+00 -9.838710e-01 -1.410882e-04 1.788779e-01 5.522488e+01
1.793282e-01 -3.121836e-02 9.832937e-01 3.408060e+01 6.916441e-03 9.995109e-01 3.047187e-02 -1.396120e+00 -9.837648e-01 1.336514e-03 1.794566e-01 5.557035e+01
1.827486e-01 -3.158724e-02 9.826520e-01 3.458147e+01 5.455247e-03 9.995002e-01 3.111431e-02 -1.380823e+00 -9.831443e-01 -3.254015e-04 1.828298e-01 5.562740e+01
1.851882e-01 -3.104324e-02 9.822125e-01 3.529430e+01 3.839215e-03 9.995154e-01 3.086628e-02 -1.373740e+00 -9.826953e-01 -1.945060e-03 1.852178e-01 5.576646e+01
1.892376e-01 -3.095845e-02 9.814430e-01 3.604731e+01 1.411274e-03 9.995097e-01 3.125624e-02 -1.389711e+00 -9.819301e-01 -4.529689e-03 1.891887e-01 5.585166e+01
1.929287e-01 -2.916848e-02 9.807790e-01 3.670376e+01 2.503230e-04 9.995588e-01 2.967777e-02 -1.391473e+00 -9.812125e-01 -5.480099e-03 1.928510e-01 5.595407e+01
1.974426e-01 -2.612642e-02 9.799661e-01 3.779973e+01 -1.501783e-04 9.996433e-01 2.668130e-02 -1.435313e+00 -9.803141e-01 -5.415112e-03 1.973684e-01 5.611777e+01
2.012183e-01 -2.364194e-02 9.792610e-01 3.807479e+01 -1.126711e-04 9.997075e-01 2.415874e-02 -1.385781e+00 -9.795461e-01 -4.971432e-03 2.011569e-01 5.613075e+01
2.047239e-01 -2.049307e-02 9.786051e-01 3.888466e+01 -5.957071e-03 9.997355e-01 2.218180e-02 -1.385053e+00 -9.788013e-01 -1.037068e-02 2.045479e-01 5.629627e+01
2.079144e-01 -2.062683e-02 9.779294e-01 3.959266e+01 -9.726715e-03 9.996840e-01 2.315367e-02 -1.380961e+00 -9.780983e-01 -1.432594e-02 2.076482e-01 5.642884e+01
2.099572e-01 -1.930543e-02 9.775199e-01 3.994450e+01 -8.955698e-03 9.997245e-01 2.166753e-02 -1.314467e+00 -9.776692e-01 -1.330355e-02 2.097266e-01 5.656857e+01
2.134903e-01 -1.724070e-02 9.767929e-01 4.065574e+01 -1.094681e-02 9.997387e-01 2.003828e-02 -1.289089e+00 -9.768835e-01 -1.497067e-02 2.132459e-01 5.673426e+01
2.190950e-01 -1.674135e-02 9.755598e-01 4.165972e+01 -1.341612e-02 9.997060e-01 2.016878e-02 -1.348155e+00 -9.756110e-01 -1.750703e-02 2.188062e-01 5.686959e+01
2.229123e-01 -1.870574e-02 9.746588e-01 4.231076e+01 -1.489368e-02 9.996333e-01 2.259137e-02 -1.340570e+00 -9.747244e-01 -1.955207e-02 2.225521e-01 5.701006e+01
2.268152e-01 -1.893451e-02 9.737536e-01 4.276066e+01 -1.503622e-02 9.996232e-01 2.293992e-02 -1.329460e+00 -9.738214e-01 -1.984462e-02 2.264451e-01 5.712215e+01
2.318082e-01 -1.492371e-02 9.726468e-01 4.342585e+01 -1.877158e-02 9.996269e-01 1.981147e-02 -1.326813e+00 -9.725800e-01 -2.285050e-02 2.314417e-01 5.728377e+01
2.373387e-01 -6.591645e-03 9.714044e-01 4.448012e+01 -2.076330e-02 9.997135e-01 1.185676e-02 -1.370691e+00 -9.712046e-01 -2.298356e-02 2.371340e-01 5.758418e+01
2.444113e-01 -1.358841e-03 9.696705e-01 4.481176e+01 -2.254965e-02 9.997200e-01 7.084741e-03 -1.331542e+00 -9.694091e-01 -2.359724e-02 2.443124e-01 5.765831e+01
2.516877e-01 7.296499e-04 9.678081e-01 4.622699e+01 -2.698528e-02 9.996156e-01 6.264168e-03 -1.466648e+00 -9.674319e-01 -2.769312e-02 2.516108e-01 5.805288e+01
2.584348e-01 -1.007098e-03 9.660281e-01 4.707117e+01 -3.197523e-02 9.994420e-01 9.596061e-03 -1.535017e+00 -9.654990e-01 -3.336885e-02 2.582585e-01 5.830319e+01
2.658227e-01 -2.505697e-03 9.640186e-01 4.777462e+01 -3.276206e-02 9.993949e-01 1.163162e-02 -1.540876e+00 -9.634647e-01 -3.467511e-02 2.655799e-01 5.848338e+01
2.733373e-01 -6.110397e-03 9.618988e-01 4.832547e+01 -3.304886e-02 9.993291e-01 1.573950e-02 -1.549108e+00 -9.613500e-01 -3.609178e-02 2.729521e-01 5.862627e+01
2.821660e-01 -1.190095e-02 9.592918e-01 4.918654e+01 -3.491734e-02 9.991325e-01 2.266582e-02 -1.599933e+00 -9.587296e-01 -3.989137e-02 2.815058e-01 5.879626e+01
2.911886e-01 -1.975527e-02 9.564616e-01 4.982846e+01 -3.692928e-02 9.988088e-01 3.187284e-02 -1.646337e+00 -9.559522e-01 -4.460238e-02 2.901123e-01 5.889617e+01
2.984234e-01 -2.242620e-02 9.541700e-01 5.076586e+01 -3.781991e-02 9.986602e-01 3.530034e-02 -1.673577e+00 -9.536836e-01 -4.662101e-02 2.971755e-01 5.919382e+01
3.061527e-01 -2.031481e-02 9.517655e-01 5.097902e+01 -3.784034e-02 9.987218e-01 3.348910e-02 -1.608803e+00 -9.512298e-01 -4.626785e-02 3.049927e-01 5.922669e+01
3.131980e-01 -1.526738e-02 9.495651e-01 5.210161e+01 -3.665889e-02 9.989306e-01 2.815242e-02 -1.692471e+00 -9.489797e-01 -4.362721e-02 3.123034e-01 5.950650e+01
3.182605e-01 -1.184609e-02 9.479292e-01 5.297437e+01 -3.826434e-02 9.989459e-01 2.533063e-02 -1.707322e+00 -9.472304e-01 -4.433356e-02 3.174717e-01 5.979592e+01
3.252718e-01 -1.011377e-02 9.455664e-01 5.381766e+01 -3.868018e-02 9.989629e-01 2.399077e-02 -1.769143e+00 -9.448288e-01 -4.437814e-02 3.245433e-01 5.995924e+01
3.295859e-01 -9.804669e-03 9.440746e-01 5.431691e+01 -4.121801e-02 9.988426e-01 2.476309e-02 -1.720589e+00 -9.432251e-01 -4.707438e-02 3.288004e-01 6.020254e+01
3.340814e-01 -1.391202e-02 9.424415e-01 5.487079e+01 -3.779713e-02 9.988884e-01 2.814380e-02 -1.727709e+00 -9.417857e-01 -4.502385e-02 3.331843e-01 6.037768e+01
3.383200e-01 -2.087261e-02 9.407995e-01 5.540828e+01 -3.673153e-02 9.986984e-01 3.536616e-02 -1.712836e+00 -9.403136e-01 -4.652203e-02 3.371131e-01 6.056434e+01
3.434082e-01 -2.809962e-02 9.387658e-01 5.640706e+01 -3.785558e-02 9.983251e-01 4.373029e-02 -1.790354e+00 -9.384226e-01 -5.055481e-02 3.417695e-01 6.082242e+01
3.474703e-01 -3.165246e-02 9.371566e-01 5.717374e+01 -4.132906e-02 9.979412e-01 4.902909e-02 -1.824284e+00 -9.367794e-01 -5.576790e-02 3.454468e-01 6.106952e+01
3.498486e-01 -3.184728e-02 9.362647e-01 5.755322e+01 -4.278674e-02 9.978352e-01 4.992950e-02 -1.795376e+00 -9.358283e-01 -5.752744e-02 3.477287e-01 6.127044e+01
3.510297e-01 -2.974271e-02 9.358917e-01 5.806295e+01 -4.440840e-02 9.978412e-01 4.836797e-02 -1.765737e+00 -9.353102e-01 -5.854001e-02 3.489512e-01 6.152781e+01
3.520647e-01 -2.527147e-02 9.356343e-01 5.873061e+01 -4.829104e-02 9.978129e-01 4.512209e-02 -1.750605e+00 -9.347287e-01 -6.106862e-02 3.500744e-01 6.182415e+01
3.557176e-01 -2.223127e-02 9.343289e-01 5.906726e+01 -4.904550e-02 9.978948e-01 4.241635e-02 -1.763277e+00 -9.333053e-01 -6.091283e-02 3.538785e-01 6.185103e+01
3.578083e-01 -1.728775e-02 9.336349e-01 5.972079e+01 -4.919254e-02 9.980905e-01 3.733392e-02 -1.759439e+00 -9.324980e-01 -5.928622e-02 3.562748e-01 6.209185e+01
3.576750e-01 -1.513871e-02 9.337233e-01 6.031958e+01 -4.903044e-02 9.981843e-01 3.496560e-02 -1.716088e+00 -9.325577e-01 -5.828715e-02 3.562835e-01 6.243273e+01
3.588737e-01 -1.561624e-02 9.332554e-01 6.153942e+01 -5.139165e-02 9.980119e-01 3.646195e-02 -1.787172e+00 -9.319699e-01 -6.104672e-02 3.573578e-01 6.290239e+01
3.620083e-01 -1.896717e-02 9.319819e-01 6.159208e+01 -5.136300e-02 9.978674e-01 4.025891e-02 -1.764579e+00 -9.307583e-01 -6.244340e-02 3.602622e-01 6.275478e+01
3.640357e-01 -2.128684e-02 9.311417e-01 6.242636e+01 -5.202707e-02 9.977122e-01 4.314904e-02 -1.771563e+00 -9.299303e-01 -6.415233e-02 3.620956e-01 6.295975e+01
3.637107e-01 -2.390517e-02 9.312052e-01 6.258558e+01 -5.014975e-02 9.977175e-01 4.520017e-02 -1.761864e+00 -9.301605e-01 -6.313945e-02 3.616819e-01 6.306876e+01
3.619239e-01 -2.398004e-02 9.318992e-01 6.350534e+01 -5.219377e-02 9.975789e-01 4.594078e-02 -1.765340e+00 -9.307449e-01 -6.526636e-02 3.597962e-01 6.343562e+01
3.604333e-01 -2.350179e-02 9.324890e-01 6.379007e+01 -5.443455e-02 9.974481e-01 4.617949e-02 -1.765611e+00 -9.311948e-01 -6.740420e-02 3.582344e-01 6.355104e+01
3.584932e-01 -2.136729e-02 9.332879e-01 6.474186e+01 -5.560055e-02 9.974737e-01 4.419403e-02 -1.824385e+00 -9.318746e-01 -6.773454e-02 3.563997e-01 6.389084e+01
3.560752e-01 -1.938479e-02 9.342564e-01 6.496796e+01 -5.372006e-02 9.977059e-01 4.117576e-02 -1.849567e+00 -9.329114e-01 -6.484993e-02 3.542172e-01 6.397659e+01
3.546588e-01 -1.968380e-02 9.347887e-01 6.587316e+01 -5.206254e-02 9.978107e-01 4.076340e-02 -1.891576e+00 -9.335447e-01 -6.312453e-02 3.528577e-01 6.426582e+01
3.540314e-01 -2.116096e-02 9.349943e-01 6.658903e+01 -5.318079e-02 9.976701e-01 4.271615e-02 -1.931222e+00 -9.337198e-01 -6.484655e-02 3.520814e-01 6.441232e+01
3.510220e-01 -2.414460e-02 9.360560e-01 6.702250e+01 -5.439946e-02 9.974524e-01 4.612814e-02 -1.927725e+00 -9.347852e-01 -6.711289e-02 3.488145e-01 6.459183e+01
3.494175e-01 -2.966915e-02 9.364974e-01 6.756967e+01 -5.215079e-02 9.973325e-01 5.105453e-02 -1.952111e+00 -9.355142e-01 -6.667838e-02 3.469384e-01 6.474432e+01
3.473269e-01 -3.182662e-02 9.372040e-01 6.795607e+01 -4.886659e-02 9.974509e-01 5.198249e-02 -1.949507e+00 -9.364695e-01 -6.385283e-02 3.448865e-01 6.483382e+01
3.458699e-01 -3.180818e-02 9.377433e-01 6.853934e+01 -4.457559e-02 9.977389e-01 5.028416e-02 -1.958655e+00 -9.372225e-01 -5.919219e-02 3.436702e-01 6.500935e+01
3.436941e-01 -3.112201e-02 9.385660e-01 6.906410e+01 -4.027577e-02 9.980417e-01 4.784282e-02 -1.956456e+00 -9.382171e-01 -5.424472e-02 3.417678e-01 6.515149e+01
3.420048e-01 -2.927540e-02 9.392422e-01 6.954984e+01 -4.118155e-02 9.980865e-01 4.610493e-02 -1.939526e+00 -9.387949e-01 -5.444752e-02 3.401450e-01 6.532214e+01
3.416061e-01 -2.723837e-02 9.394486e-01 6.999358e+01 -4.128255e-02 9.981794e-01 4.395256e-02 -1.936537e+00 -9.389356e-01 -5.379725e-02 3.398598e-01 6.540760e+01
3.405358e-01 -2.916967e-02 9.397791e-01 7.053407e+01 -4.004461e-02 9.981609e-01 4.549226e-02 -1.934764e+00 -9.393778e-01 -5.312479e-02 3.387416e-01 6.556755e+01
3.407525e-01 -3.202713e-02 9.396075e-01 7.116541e+01 -3.422045e-02 9.983340e-01 4.643906e-02 -1.947934e+00 -9.395295e-01 -4.797798e-02 3.390889e-01 6.577663e+01
3.429074e-01 -3.457661e-02 9.387328e-01 7.159958e+01 -2.939736e-02 9.984370e-01 4.751422e-02 -1.933313e+00 -9.389085e-01 -4.388919e-02 3.413551e-01 6.586147e+01
3.449548e-01 -3.615530e-02 9.379228e-01 7.194148e+01 -2.620228e-02 9.984967e-01 4.812716e-02 -1.933152e+00 -9.382530e-01 -4.117737e-02 3.434890e-01 6.590717e+01
3.485999e-01 -3.611499e-02 9.365757e-01 7.254735e+01 -2.864362e-02 9.983793e-01 4.915955e-02 -1.930393e+00 -9.368334e-01 -4.396389e-02 3.470005e-01 6.612144e+01
3.529865e-01 -3.484283e-02 9.349796e-01 7.325549e+01 -3.012113e-02 9.983643e-01 4.857669e-02 -1.907196e+00 -9.351429e-01 -4.530952e-02 3.513597e-01 6.646238e+01
3.599640e-01 -3.677468e-02 9.322413e-01 7.365086e+01 -2.786745e-02 9.983523e-01 5.014301e-02 -1.915497e+00 -9.325494e-01 -4.402883e-02 3.583462e-01 6.652225e+01
3.661688e-01 -3.519876e-02 9.298826e-01 7.446898e+01 -3.007654e-02 9.983137e-01 4.963261e-02 -1.866982e+00 -9.300618e-01 -4.614154e-02 3.644928e-01 6.697282e+01
3.737711e-01 -3.788529e-02 9.267471e-01 7.467971e+01 -2.820162e-02 9.982384e-01 5.218199e-02 -1.854163e+00 -9.270917e-01 -4.563984e-02 3.720444e-01 6.702162e+01
3.828629e-01 -3.856209e-02 9.230002e-01 7.516826e+01 -3.015218e-02 9.980735e-01 5.420581e-02 -1.872360e+00 -9.233125e-01 -4.858382e-02 3.809627e-01 6.719149e+01
3.918232e-01 -3.865958e-02 9.192281e-01 7.560326e+01 -3.024511e-02 9.980347e-01 5.486597e-02 -1.842513e+00 -9.195428e-01 -4.929988e-02 3.898840e-01 6.738871e+01
4.021937e-01 -3.518503e-02 9.148785e-01 7.621304e+01 -3.309862e-02 9.980484e-01 5.293428e-02 -1.849290e+00 -9.149557e-01 -5.157101e-02 4.002444e-01 6.760435e+01
4.117758e-01 -3.348135e-02 9.106701e-01 7.653860e+01 -3.434632e-02 9.980437e-01 5.222402e-02 -1.842506e+00 -9.106373e-01 -5.278272e-02 4.098204e-01 6.770470e+01
4.222176e-01 -3.125817e-02 9.059557e-01 7.791260e+01 -3.620410e-02 9.980255e-01 5.130768e-02 -1.865502e+00 -9.057708e-01 -5.446227e-02 4.202524e-01 6.845947e+01
4.315892e-01 -2.980407e-02 9.015780e-01 7.814938e+01 -3.651908e-02 9.980565e-01 5.047529e-02 -1.837935e+00 -9.013303e-01 -5.470935e-02 4.296621e-01 6.851176e+01
4.406195e-01 -2.853255e-02 8.972406e-01 7.886601e+01 -3.870196e-02 9.979607e-01 5.074138e-02 -1.815617e+00 -8.968588e-01 -5.708257e-02 4.386169e-01 6.893282e+01
4.503363e-01 -2.839720e-02 8.924076e-01 7.931986e+01 -3.792448e-02 9.979827e-01 5.089459e-02 -1.790817e+00 -8.920527e-01 -5.676374e-02 4.483511e-01 6.914778e+01
4.605481e-01 -2.698119e-02 8.872249e-01 8.007122e+01 -4.079016e-02 9.978377e-01 5.151873e-02 -1.774436e+00 -8.866966e-01 -5.991685e-02 4.584518e-01 6.953526e+01
4.709020e-01 -3.218029e-02 8.815987e-01 8.092036e+01 -3.831744e-02 9.976443e-01 5.688334e-02 -1.751649e+00 -8.813525e-01 -6.056703e-02 4.685598e-01 6.998294e+01
4.802293e-01 -3.930072e-02 8.762624e-01 8.102339e+01 -3.335733e-02 9.974539e-01 6.301749e-02 -1.701669e+00 -8.765080e-01 -5.949258e-02 4.776958e-01 6.999281e+01
4.898429e-01 -4.388044e-02 8.707061e-01 8.165160e+01 -3.046326e-02 9.972602e-01 6.739641e-02 -1.676651e+00 -8.712779e-01 -5.953815e-02 4.871641e-01 7.037511e+01
4.995605e-01 -4.754468e-02 8.649737e-01 8.278732e+01 -2.864275e-02 9.970393e-01 7.134638e-02 -1.646364e+00 -8.658050e-01 -6.041701e-02 4.967198e-01 7.107784e+01
5.080534e-01 -5.124750e-02 8.598002e-01 8.319318e+01 -2.100788e-02 9.971932e-01 7.185020e-02 -1.603142e+00 -8.610690e-01 -5.456626e-02 5.055509e-01 7.126542e+01
5.156964e-01 -5.799948e-02 8.548065e-01 8.385938e+01 -1.195072e-02 9.971211e-01 7.486547e-02 -1.533103e+00 -8.566877e-01 -4.882335e-02 5.135186e-01 7.163104e+01
5.203993e-01 -6.777036e-02 8.512301e-01 8.412191e+01 -2.659816e-03 9.967113e-01 8.097892e-02 -1.472964e+00 -8.539187e-01 -4.440542e-02 5.185075e-01 7.181995e+01
5.270146e-01 -7.384375e-02 8.466426e-01 8.473428e+01 5.286750e-03 9.964826e-01 8.362187e-02 -1.423797e+00 -8.498396e-01 -3.959389e-02 5.255511e-01 7.213837e+01
5.327353e-01 -7.395782e-02 8.430447e-01 8.509876e+01 6.711943e-03 9.965110e-01 8.317961e-02 -1.407346e+00 -8.462551e-01 -3.865417e-02 5.313727e-01 7.241583e+01
5.399410e-01 -6.974597e-02 8.388088e-01 8.666714e+01 1.064599e-02 9.970462e-01 7.605045e-02 -1.404403e+00 -8.416353e-01 -3.213274e-02 5.390883e-01 7.346827e+01
5.460812e-01 -6.701652e-02 8.350480e-01 8.679133e+01 1.651754e-02 9.974617e-01 6.924935e-02 -1.326179e+00 -8.375692e-01 -2.402276e-02 5.458017e-01 7.354535e+01
5.512118e-01 -6.587152e-02 8.317617e-01 8.736143e+01 1.632051e-02 9.975384e-01 6.818462e-02 -1.304433e+00 -8.342055e-01 -2.400933e-02 5.509297e-01 7.393964e+01
5.556858e-01 -6.357941e-02 8.289584e-01 8.771505e+01 1.040416e-02 9.975245e-01 6.953380e-02 -1.253751e+00 -8.313271e-01 -3.001426e-02 5.549714e-01 7.422112e+01
5.599027e-01 -5.999011e-02 8.263844e-01 8.884966e+01 5.088498e-03 9.976048e-01 6.897203e-02 -1.261076e+00 -8.285425e-01 -3.441250e-02 5.588666e-01 7.501659e+01
5.645319e-01 -5.831961e-02 8.233491e-01 8.948407e+01 7.287859e-03 9.978133e-01 6.568040e-02 -1.207603e+00 -8.253790e-01 -3.107816e-02 5.637221e-01 7.541206e+01
5.676729e-01 -5.407179e-02 8.214772e-01 9.030930e+01 4.394350e-03 9.980247e-01 6.265600e-02 -1.174932e+00 -8.232423e-01 -3.195819e-02 5.667889e-01 7.609841e+01
5.704677e-01 -5.137784e-02 8.197122e-01 9.097806e+01 1.939772e-03 9.981222e-01 6.121030e-02 -1.165643e+00 -8.213176e-01 -3.332838e-02 5.694957e-01 7.665125e+01
5.735056e-01 -5.295724e-02 8.174888e-01 9.139365e+01 1.028229e-03 9.979532e-01 6.392650e-02 -1.143772e+00 -8.192009e-01 -3.582157e-02 5.723858e-01 7.697287e+01
5.773003e-01 -5.612237e-02 8.146016e-01 9.206361e+01 2.296773e-03 9.977419e-01 6.711227e-02 -1.124286e+00 -8.165286e-01 -3.687290e-02 5.761253e-01 7.743349e+01
5.809669e-01 -5.928948e-02 8.117656e-01 9.237359e+01 3.502879e-03 9.975154e-01 7.034933e-02 -1.084209e+00 -8.139195e-01 -3.802704e-02 5.797307e-01 7.760471e+01
5.838928e-01 -6.035344e-02 8.095849e-01 9.292678e+01 3.181183e-03 9.973943e-01 7.206010e-02 -1.058387e+00 -8.118243e-01 -3.949986e-02 5.825630e-01 7.805215e+01
5.873691e-01 -5.871407e-02 8.071873e-01 9.372063e+01 1.434591e-03 9.974380e-01 7.150890e-02 -1.044273e+00 -8.093177e-01 -4.084406e-02 5.859481e-01 7.861177e+01
5.902348e-01 -5.870141e-02 8.050951e-01 9.425945e+01 2.675946e-03 9.974883e-01 7.076753e-02 -1.025278e+00 -8.072271e-01 -3.961500e-02 5.889090e-01 7.895310e+01
5.919254e-01 -6.127565e-02 8.036609e-01 9.484782e+01 4.967162e-03 9.973633e-01 7.238620e-02 -1.013526e+00 -8.059773e-01 -3.885525e-02 5.906687e-01 7.940092e+01
5.939126e-01 -6.298178e-02 8.020613e-01 9.550498e+01 6.810260e-03 9.972880e-01 7.326914e-02 -1.016569e+00 -8.045006e-01 -3.805315e-02 5.927304e-01 7.979130e+01
5.962704e-01 -6.293896e-02 8.003133e-01 9.596694e+01 5.505519e-03 9.972181e-01 7.432234e-02 -9.994324e-01 -8.027647e-01 -3.991000e-02 5.949577e-01 8.004657e+01
5.987420e-01 -6.455243e-02 7.983370e-01 9.650930e+01 7.958428e-03 9.971762e-01 7.466165e-02 -9.817672e-01 -8.009023e-01 -3.834949e-02 5.975646e-01 8.035432e+01
6.004645e-01 -6.280589e-02 7.971818e-01 9.689304e+01 7.746587e-03 9.973200e-01 7.273885e-02 -9.314517e-01 -7.996138e-01 -3.750158e-02 5.993413e-01 8.071725e+01
6.019880e-01 -6.424329e-02 7.959174e-01 9.732716e+01 1.227658e-02 9.973841e-01 7.121965e-02 -9.015164e-01 -7.984108e-01 -3.310215e-02 6.012014e-01 8.111028e+01
6.048084e-01 -6.567658e-02 7.936590e-01 9.824247e+01 1.422292e-02 9.973245e-01 7.169174e-02 -9.152132e-01 -7.962440e-01 -3.207154e-02 6.041237e-01 8.174774e+01
6.065920e-01 -6.923445e-02 7.919937e-01 9.882456e+01 1.928114e-02 9.971880e-01 7.240469e-02 -9.171239e-01 -7.947795e-01 -2.864949e-02 6.062206e-01 8.228463e+01
6.091642e-01 -7.195390e-02 7.897739e-01 9.929784e+01 2.244584e-02 9.970398e-01 7.352455e-02 -9.462765e-01 -7.927265e-01 -2.706131e-02 6.089754e-01 8.266864e+01
6.126511e-01 -7.296433e-02 7.869790e-01 1.002734e+02 2.390463e-02 9.969836e-01 7.382549e-02 -9.468909e-01 -7.899919e-01 -2.641675e-02 6.125467e-01 8.330411e+01
