1.000000e+00 0.000000e+00 0.000000e+00 0.000000e+00 0.000000e+00 1.000000e+00 0.000000e+00 0.000000e+00 0.000000e+00 0.000000e+00 1.000000e+00 0.000000e+00
9.999995e-01 -5.948951e-04 -8.500423e-04 7.883222e-02 5.934435e-04 9.999984e-01 -1.706941e-03 -6.927627e-02 8.510564e-04 1.706436e-03 9.999982e-01 8.758268e-01
9.999919e-01 -3.890940e-03 -1.036345e-03 1.162956e-01 3.889727e-03 9.999917e-01 -1.169727e-03 -8.606806e-02 1.040888e-03 1.165686e-03 9.999987e-01 1.456146e+00
9.999812e-01 -5.881728e-03 -1.721492e-03 1.302090e-01 5.889154e-03 9.999732e-01 4.340940e-03 -1.186027e-01 1.695913e-03 -4.350996e-03 9.999890e-01 2.095330e+00
9.999532e-01 -8.903427e-03 -3.790590e-03 1.639838e-01 8.946317e-03 9.998943e-01 1.145254e-02 -1.246356e-01 3.688222e-03 -1.148592e-02 9.999271e-01 2.667177e+00
9.999012e-01 -1.280555e-02 -5.794651e-03 1.611165e-01 1.288581e-02 9.998184e-01 1.403247e-02 -1.923660e-01 5.613905e-03 -1.410575e-02 9.998845e-01 3.464275e+00
9.998263e-01 -1.589610e-02 -9.731280e-03 2.248583e-01 1.603343e-02 9.997705e-01 1.420060e-02 -2.759127e-01 9.503312e-03 -1.435415e-02 9.998516e-01 4.358068e+00
9.997756e-01 -1.665934e-02 -1.308427e-02 2.871037e-01 1.684349e-02 9.997587e-01 1.409237e-02 -3.502310e-01 1.284634e-02 -1.430959e-02 9.998149e-01 5.113303e+00
9.997540e-01 -1.622061e-02 -1.512902e-02 3.039081e-01 1.647116e-02 9.997267e-01 1.658630e-02 -4.247930e-01 1.485584e-02 -1.683141e-02 9.997478e-01 5.928638e+00
9.997088e-01 -1.636416e-02 -1.773080e-02 3.206097e-01 1.676673e-02 9.995993e-01 2.279926e-02 -5.168687e-01 1.735060e-02 -2.308990e-02 9.995826e-01 6.688650e+00
9.996452e-01 -1.655923e-02 -2.086299e-02 3.564229e-01 1.715872e-02 9.994351e-01 2.889115e-02 -5.866245e-01 2.037279e-02 -2.923887e-02 9.993646e-01 7.553895e+00
9.996091e-01 -1.728463e-02 -2.197336e-02 3.378952e-01 1.797920e-02 9.993318e-01 3.181534e-02 -6.135191e-01 2.140876e-02 -3.219796e-02 9.992520e-01 8.366863e+00
9.995623e-01 -1.865551e-02 -2.295687e-02 3.559013e-01 1.944338e-02 9.992123e-01 3.458868e-02 -6.321954e-01 2.229352e-02 -3.501990e-02 9.991377e-01 9.089968e+00
9.995316e-01 -1.880985e-02 -2.413556e-02 3.564902e-01 1.969416e-02 9.991232e-01 3.694043e-02 -6.682678e-01 2.341956e-02 -3.739846e-02 9.990258e-01 9.858557e+00
9.994383e-01 -1.963486e-02 -2.715435e-02 3.860053e-01 2.065264e-02 9.990746e-01 3.772306e-02 -6.927623e-01 2.638854e-02 -3.826268e-02 9.989190e-01 1.057514e+01
9.993203e-01 -2.123711e-02 -3.012861e-02 3.996929e-01 2.239252e-02 9.990057e-01 3.854509e-02 -7.291112e-01 2.928008e-02 -3.919354e-02 9.988023e-01 1.134091e+01
9.992000e-01 -2.334315e-02 -3.246816e-02 3.963428e-01 2.462818e-02 9.989055e-01 3.975838e-02 -7.600613e-01 3.150454e-02 -4.052621e-02 9.986814e-01 1.202115e+01
9.991067e-01 -2.393710e-02 -3.482093e-02 3.896698e-01 2.536354e-02 9.988321e-01 4.111754e-02 -7.784669e-01 3.379602e-02 -4.196399e-02 9.985471e-01 1.271863e+01
9.990525e-01 -2.387446e-02 -3.638285e-02 3.620137e-01 2.561022e-02 9.985180e-01 4.801401e-02 -8.798109e-01 3.518263e-02 -4.890030e-02 9.981835e-01 1.339012e+01
9.989938e-01 -2.289093e-02 -3.856213e-02 3.558850e-01 2.481100e-02 9.984372e-01 5.007234e-02 -8.928259e-01 3.735566e-02 -5.097873e-02 9.980006e-01 1.407704e+01
9.988209e-01 -2.431813e-02 -4.201404e-02 4.044721e-01 2.651435e-02 9.982669e-01 5.253267e-02 -8.974645e-01 4.066373e-02 -5.358471e-02 9.977347e-01 1.472529e+01
9.986905e-01 -2.549060e-02 -4.435490e-02 4.158675e-01 2.792855e-02 9.980820e-01 5.524235e-02 -8.965197e-01 4.286168e-02 -5.640879e-02 9.974870e-01 1.543390e+01
9.985279e-01 -2.758858e-02 -4.669918e-02 4.344298e-01 3.023995e-02 9.979126e-01 5.705560e-02 -8.808742e-01 4.502763e-02 -5.838380e-02 9.972779e-01 1.613428e+01
9.983542e-01 -3.095751e-02 -4.827482e-02 4.417396e-01 3.374031e-02 9.977496e-01 5.793798e-02 -8.682492e-01 4.637257e-02 -5.947144e-02 9.971520e-01 1.676236e+01
9.985414e-01 -3.104249e-02 -4.417576e-02 3.612440e-01 3.364254e-02 9.976678e-01 5.938505e-02 -8.730804e-01 4.222928e-02 -6.078462e-02 9.972569e-01 1.737137e+01
9.985785e-01 -3.010288e-02 -4.398428e-02 3.270421e-01 3.277110e-02 9.975836e-01 6.125787e-02 -8.821700e-01 4.203397e-02 -6.261222e-02 9.971520e-01 1.794049e+01
9.984323e-01 -3.072559e-02 -4.678534e-02 4.389879e-01 3.367478e-02 9.974061e-01 6.361184e-02 -8.518704e-01 4.470949e-02 -6.508761e-02 9.968771e-01 1.865280e+01
9.983123e-01 -2.993385e-02 -4.976370e-02 5.414948e-01 3.322835e-02 9.972159e-01 6.675060e-02 -8.330489e-01 4.762707e-02 -6.829151e-02 9.965276e-01 1.936201e+01
9.982514e-01 -3.015050e-02 -5.084124e-02 5.114905e-01 3.357773e-02 9.971223e-01 6.796207e-02 -7.790865e-01 4.864587e-02 -6.955037e-02 9.963913e-01 2.009658e+01
9.982238e-01 -2.960302e-02 -5.169830e-02 4.740607e-01 3.309869e-02 9.971272e-01 6.812440e-02 -7.592371e-01 4.953312e-02 -6.971453e-02 9.963362e-01 2.089344e+01
9.981675e-01 -2.821553e-02 -5.352891e-02 4.589608e-01 3.172615e-02 9.973207e-01 6.590986e-02 -7.284787e-01 5.152582e-02 -6.748733e-02 9.963885e-01 2.163046e+01
9.980640e-01 -2.838925e-02 -5.533398e-02 4.437547e-01 3.194547e-02 9.974071e-01 6.448098e-02 -6.965853e-01 5.335996e-02 -6.612381e-02 9.963834e-01 2.232343e+01
9.979908e-01 -2.777205e-02 -5.694366e-02 4.123752e-01 3.143118e-02 9.974284e-01 6.440414e-02 -6.687660e-01 5.500861e-02 -6.606453e-02 9.962976e-01 2.308360e+01
9.978958e-01 -2.805463e-02 -5.845104e-02 3.717842e-01 3.181320e-02 9.974166e-01 6.439761e-02 -6.494980e-01 5.649342e-02 -6.612159e-02 9.962107e-01 2.371274e+01
9.976723e-01 -2.789900e-02 -6.221849e-02 3.994868e-01 3.186536e-02 9.974600e-01 6.369589e-02 -6.183354e-01 6.028343e-02 -6.553020e-02 9.960276e-01 2.436289e+01
9.974833e-01 -2.769832e-02 -6.526443e-02 4.040169e-01 3.187089e-02 9.974541e-01 6.378497e-02 -5.876060e-01 6.333157e-02 -6.570444e-02 9.958270e-01 2.502958e+01
9.972165e-01 -2.823170e-02 -6.900617e-02 4.118642e-01 3.276720e-02 9.973137e-01 6.550343e-02 -5.692543e-01 6.697156e-02 -6.758220e-02 9.954631e-01 2.575686e+01
9.970955e-01 -2.841437e-02 -7.066092e-02 3.505283e-01 3.323876e-02 9.971266e-01 6.806448e-02 -5.418040e-01 6.852391e-02 -7.021543e-02 9.951752e-01 2.634943e+01
9.970076e-01 -2.759346e-02 -7.220837e-02 2.604296e-01 3.262510e-02 9.970508e-01 6.945737e-02 -4.995542e-01 7.007889e-02 -7.160529e-02 9.949678e-01 2.698873e+01
9.967165e-01 -2.628482e-02 -7.658345e-02 2.887943e-01 3.166804e-02 9.970474e-01 6.994791e-02 -4.700310e-01 7.451881e-02 -7.214344e-02 9.946063e-01 2.772941e+01
9.966958e-01 -2.388032e-02 -7.763367e-02 1.834353e-01 2.929726e-02 9.971579e-01 6.940304e-02 -4.379888e-01 7.575572e-02 -7.144813e-02 9.945630e-01 2.843967e+01
9.966877e-01 -2.268664e-02 -7.809394e-02 5.581088e-02 2.809761e-02 9.972272e-01 6.890185e-02 -4.054967e-01 7.631429e-02 -7.086783e-02 9.945618e-01 2.899726e+01
9.965836e-01 -2.244680e-02 -7.947834e-02 -2.457400e-02 2.803576e-02 9.971582e-01 6.991804e-02 -3.628087e-01 7.768309e-02 -7.190737e-02 9.943812e-01 2.968483e+01
9.966428e-01 -2.144191e-02 -7.901289e-02 -1.559748e-01 2.713915e-02 9.970527e-01 7.175197e-02 -3.271146e-01 7.724156e-02 -7.365538e-02 9.942876e-01 3.029338e+01
9.964798e-01 -1.847000e-02 -8.177064e-02 -8.766498e-02 2.442921e-02 9.970696e-01 7.248738e-02 -2.957801e-01 8.019223e-02 -7.422976e-02 9.940112e-01 3.085312e+01
9.966158e-01 -1.565066e-02 -8.069378e-02 -1.366832e-01 2.141420e-02 9.972414e-01 7.106182e-02 -2.660741e-01 7.935908e-02 -7.254929e-02 9.942021e-01 3.146503e+01
9.966577e-01 -1.433820e-02 -8.042035e-02 -1.522089e-01 1.982488e-02 9.974982e-01 6.784707e-02 -2.264316e-01 7.924642e-02 -6.921459e-02 9.944488e-01 3.206481e+01
9.966484e-01 -1.404676e-02 -8.058597e-02 -1.410916e-01 1.941843e-02 9.976125e-01 6.626616e-02 -1.972827e-01 7.946283e-02 -6.760889e-02 9.945421e-01 3.273343e+01
9.968432e-01 -1.335494e-02 -7.826097e-02 -1.763065e-01 1.864753e-02 9.975585e-01 6.729198e-02 -1.657988e-01 7.717130e-02 -6.853890e-02 9.946588e-01 3.340087e+01
9.971184e-01 -8.739149e-03 -7.535389e-02 -2.070355e-01 1.405707e-02 9.974240e-01 7.033382e-02 -1.416793e-01 7.454520e-02 -7.119037e-02 9.946729e-01 3.396311e+01
9.973685e-01 -4.360827e-03 -7.236554e-02 -1.902905e-01 9.745686e-03 9.971933e-01 7.422666e-02 -1.222339e-01 7.183882e-02 -7.473656e-02 9.946119e-01 3.439533e+01
9.976206e-01 1.730844e-04 -6.893926e-02 -2.267244e-01 5.029112e-03 9.971492e-01 7.527985e-02 -8.719072e-02 6.875585e-02 -7.544740e-02 9.947761e-01 3.508664e+01
9.979515e-01 3.537308e-03 -6.387410e-02 -2.551747e-01 1.305452e-03 9.971356e-01 7.561678e-02 -5.097413e-02 6.395870e-02 -7.554525e-02 9.950886e-01 3.564452e+01
9.982666e-01 6.566252e-03 -5.848470e-02 -2.657079e-01 -2.019972e-03 9.969931e-01 7.745679e-02 -4.623085e-03 5.881753e-02 -7.720436e-02 9.952784e-01 3.607358e+01
9.986539e-01 1.097687e-02 -5.069206e-02 -3.689677e-01 -6.934364e-03 9.968306e-01 7.924413e-02 1.399750e-02 5.140132e-02 -7.878592e-02 9.955651e-01 3.670418e+01
9.990117e-01 1.261790e-02 -4.261695e-02 -4.625100e-01 -9.221843e-03 9.968343e-01 7.896439e-02 5.256502e-02 4.347848e-02 -7.849332e-02 9.959656e-01 3.711081e+01
9.993644e-01 1.362283e-02 -3.294069e-02 -6.186187e-01 -1.096747e-02 9.967751e-01 7.948820e-02 7.961322e-02 3.391739e-02 -7.907637e-02 9.962909e-01 3.748943e+01
9.996480e-01 1.509470e-02 -2.181280e-02 -8.257573e-01 -1.332632e-02 9.967806e-01 7.905788e-02 1.175371e-01 2.293601e-02 -7.873934e-02 9.966308e-01 3.804676e+01
9.997826e-01 1.722767e-02 -1.173489e-02 -9.652952e-01 -1.627628e-02 9.969102e-01 7.683908e-02 1.357749e-01 1.302246e-02 -7.663134e-02 9.969739e-01 3.841601e+01
9.998693e-01 1.594256e-02 2.637909e-03 -1.277833e+00 -1.609371e-02 9.971467e-01 7.374617e-02 1.665719e-01 -1.454606e-03 -7.377894e-02 9.972730e-01 3.902769e+01
9.998013e-01 1.500221e-02 1.311971e-02 -1.407987e+00 -1.593252e-02 9.971346e-01 7.394440e-02 1.875218e-01 -1.197271e-02 -7.413871e-02 9.971755e-01 3.936846e+01
9.996505e-01 1.323787e-02 2.287889e-02 -1.503618e+00 -1.493262e-02 9.970285e-01 7.556552e-02 2.153516e-01 -2.181051e-02 -7.588073e-02 9.968778e-01 3.965952e+01
9.993315e-01 1.423265e-02 3.367326e-02 -1.633148e+00 -1.677356e-02 9.969341e-01 7.642032e-02 2.518295e-01 -3.248229e-02 -7.693402e-02 9.965063e-01 4.001465e+01
9.989027e-01 1.694999e-02 4.365760e-02 -1.674340e+00 -2.026237e-02 9.968568e-01 7.658261e-02 2.877661e-01 -4.222224e-02 -7.738315e-02 9.961064e-01 4.038488e+01
9.983788e-01 2.097187e-02 5.291520e-02 -1.677955e+00 -2.497795e-02 9.967776e-01 7.621929e-02 3.128475e-01 -5.114616e-02 -7.741739e-02 9.956854e-01 4.062454e+01
9.978361e-01 2.395233e-02 6.123205e-02 -1.630755e+00 -2.864172e-02 9.966274e-01 7.689082e-02 3.102299e-01 -5.918376e-02 -7.847818e-02 9.951569e-01 4.089550e+01
9.973271e-01 2.327003e-02 6.926152e-02 -1.527404e+00 -2.869093e-02 9.965138e-01 7.833117e-02 2.995504e-01 -6.719723e-02 -8.010893e-02 9.945180e-01 4.113463e+01
9.964830e-01 2.140998e-02 8.101368e-02 -1.558854e+00 -2.771306e-02 9.966068e-01 7.749631e-02 2.879638e-01 -7.907952e-02 -7.946885e-02 9.936951e-01 4.132943e+01
9.953480e-01 1.936764e-02 9.437886e-02 -1.593083e+00 -2.638341e-02 9.969334e-01 7.366493e-02 2.967629e-01 -9.266265e-02 -7.581222e-02 9.928066e-01 4.153508e+01
9.940541e-01 1.971118e-02 1.070883e-01 -1.524757e+00 -2.733138e-02 9.971604e-01 7.016318e-02 3.100553e-01 -1.054012e-01 -7.267283e-02 9.917702e-01 4.183523e+01
9.923517e-01 2.104164e-02 1.216367e-01 -1.428967e+00 -2.957004e-02 9.971957e-01 6.873946e-02 3.181290e-01 -1.198492e-01 -7.181048e-02 9.901910e-01 4.199249e+01
9.904999e-01 2.289396e-02 1.355949e-01 -1.285549e+00 -3.235741e-02 9.971595e-01 6.800454e-02 3.256111e-01 -1.336528e-01 -7.174595e-02 9.884272e-01 4.228796e+01
9.880905e-01 2.311973e-02 1.521269e-01 -1.208212e+00 -3.372313e-02 9.971490e-01 6.749418e-02 3.324409e-01 -1.501327e-01 -7.182052e-02 9.860532e-01 4.254166e+01
9.852727e-01 2.191756e-02 1.695796e-01 -1.110169e+00 -3.369624e-02 9.971904e-01 6.689488e-02 3.464765e-01 -1.676368e-01 -7.162386e-02 9.832430e-01 4.270257e+01
9.818343e-01 2.075284e-02 1.886017e-01 -1.025988e+00 -3.400614e-02 9.971519e-01 6.730941e-02 3.539726e-01 -1.866676e-01 -7.250027e-02 9.797438e-01 4.294746e+01
9.778280e-01 2.097391e-02 2.083563e-01 -9.190840e-01 -3.558368e-02 9.971432e-01 6.662015e-02 3.621991e-01 -2.063637e-01 -7.255711e-02 9.757810e-01 4.298319e+01
9.730864e-01 2.287115e-02 2.293020e-01 -8.226881e-01 -3.878513e-02 9.971219e-01 6.513662e-02 3.698073e-01 -2.271522e-01 -7.227704e-02 9.711730e-01 4.319527e+01
9.674293e-01 2.424336e-02 2.519771e-01 -7.283453e-01 -4.170997e-02 9.970639e-01 6.420933e-02 3.557945e-01 -2.496805e-01 -7.262792e-02 9.656003e-01 4.337136e+01
9.608367e-01 2.515908e-02 2.759701e-01 -6.082066e-01 -4.441046e-02 9.969780e-01 6.373212e-02 3.652241e-01 -2.735326e-01 -7.349209e-02 9.590505e-01 4.364445e+01
9.531310e-01 2.700365e-02 3.013498e-01 -4.603775e-01 -4.857213e-02 9.967467e-01 6.431001e-02 3.597218e-01 -2.986327e-01 -7.593305e-02 9.513420e-01 4.391041e+01
9.448352e-01 2.871736e-02 3.262842e-01 -2.672163e-01 -5.229250e-02 9.965968e-01 6.371184e-02 3.732659e-01 -3.233441e-01 -7.725939e-02 9.431217e-01 4.406749e+01
9.350498e-01 2.869363e-02 3.533527e-01 -6.825311e-02 -5.454544e-02 9.964947e-01 6.342009e-02 3.631638e-01 -3.502943e-01 -7.857470e-02 9.333375e-01 4.429691e+01
9.242077e-01 2.614211e-02 3.809938e-01 1.950386e-01 -5.389741e-02 9.965967e-01 6.236129e-02 3.523131e-01 -3.780669e-01 -7.816935e-02 9.224716e-01 4.452454e+01
9.107891e-01 2.265153e-02 4.122497e-01 3.906674e-01 -5.209133e-02 9.968186e-01 6.031478e-02 3.547112e-01 -4.095720e-01 -7.640865e-02 9.090717e-01 4.470914e+01
8.956605e-01 2.124042e-02 4.442306e-01 6.561098e-01 -5.172944e-02 9.970539e-01 5.662414e-02 3.570069e-01 -4.417192e-01 -7.369577e-02 8.941208e-01 4.491645e+01
8.789905e-01 2.198044e-02 4.763322e-01 9.270419e-01 -5.331390e-02 9.972031e-01 5.236566e-02 3.494501e-01 -4.738490e-01 -7.142401e-02 8.777043e-01 4.506982e+01
8.600275e-01 2.264144e-02 5.097448e-01 1.171088e+00 -5.511153e-02 9.972918e-01 4.868574e-02 3.422234e-01 -5.072621e-01 -6.996386e-02 8.589466e-01 4.518166e+01
8.388872e-01 2.417080e-02 5.437680e-01 1.462667e+00 -5.832471e-02 9.972526e-01 4.565082e-02 3.352936e-01 -5.411708e-01 -7.001098e-02 8.379926e-01 4.532245e+01
8.143821e-01 2.723500e-02 5.796893e-01 1.714466e+00 -6.408633e-02 9.970085e-01 4.319078e-02 3.335237e-01 -5.767789e-01 -7.232393e-02 8.136917e-01 4.549831e+01
7.891796e-01 3.051509e-02 6.134037e-01 2.064730e+00 -7.021958e-02 9.966977e-01 4.075870e-02 3.270832e-01 -6.101345e-01 -7.523887e-02 7.887166e-01 4.559687e+01
7.605811e-01 3.003978e-02 6.485474e-01 2.318233e+00 -7.230098e-02 9.966338e-01 3.862803e-02 3.201723e-01 -6.452039e-01 -7.627034e-02 7.601932e-01 4.556670e+01
7.288111e-01 2.674663e-02 6.841919e-01 2.592151e+00 -7.169680e-02 9.967239e-01 3.740826e-02 3.399864e-01 -6.809500e-01 -7.631791e-02 7.283416e-01 4.545194e+01
6.952665e-01 2.492379e-02 7.183195e-01 2.952248e+00 -7.229871e-02 9.967541e-01 3.539371e-02 3.528422e-01 -7.151058e-01 -7.654161e-02 6.948122e-01 4.540038e+01
6.568852e-01 2.457640e-02 7.535897e-01 3.259207e+00 -7.463291e-02 9.966788e-01 3.255151e-02 3.631691e-01 -7.502872e-01 -7.762518e-02 6.565382e-01 4.546349e+01
6.149055e-01 2.408421e-02 7.882327e-01 3.516584e+00 -7.559954e-02 9.967295e-01 2.852092e-02 3.598607e-01 -7.849681e-01 -7.712770e-02 6.147156e-01 4.543806e+01
5.686564e-01 2.499419e-02 8.221952e-01 3.774280e+00 -7.971458e-02 9.965073e-01 2.483999e-02 3.623696e-01 -8.187029e-01 -7.966635e-02 5.686631e-01 4.553235e+01
5.220026e-01 2.193483e-02 8.526617e-01 4.151966e+00 -8.211180e-02 9.963177e-01 2.463875e-02 3.367241e-01 -8.489817e-01 -8.287506e-02 5.218819e-01 4.573004e+01
4.735873e-01 1.934428e-02 8.805344e-01 4.566289e+00 -8.682138e-02 9.959139e-01 2.481706e-02 3.123687e-01 -8.764566e-01 -8.820224e-02 4.733320e-01 4.594863e+01
4.250798e-01 1.860551e-02 9.049645e-01 4.907528e+00 -9.390332e-02 9.952997e-01 2.364551e-02 2.920015e-01 -9.002712e-01 -9.503037e-02 4.248292e-01 4.608588e+01
3.764032e-01 1.804469e-02 9.262801e-01 5.386349e+00 -9.636658e-02 9.951487e-01 1.977322e-02 2.664059e-01 -9.214299e-01 -9.670512e-02 3.763163e-01 4.627685e+01
3.303940e-01 1.350552e-02 9.437464e-01 5.823272e+00 -8.869143e-02 9.959167e-01 1.679766e-02 2.435492e-01 -9.396663e-01 -8.925203e-02 3.302429e-01 4.636629e+01
2.873946e-01 6.443571e-03 9.577905e-01 6.254484e+00 -7.934299e-02 9.966999e-01 1.710232e-02 2.169171e-01 -9.545198e-01 -8.090905e-02 2.869576e-01 4.641612e+01
2.461861e-01 4.521223e-03 9.692120e-01 6.735822e+00 -7.427576e-02 9.971357e-01 1.421503e-02 1.924770e-01 -9.663718e-01 -7.548847e-02 2.458169e-01 4.646373e+01
2.088585e-01 5.255684e-03 9.779317e-01 7.219322e+00 -7.222038e-02 9.973372e-01 1.006425e-02 1.798806e-01 -9.752750e-01 -7.272857e-02 2.086820e-01 4.653424e+01
1.763370e-01 5.028555e-03 9.843170e-01 7.501279e+00 -6.511173e-02 9.978556e-01 6.566819e-03 1.700974e-01 -9.821734e-01 -6.524851e-02 1.762864e-01 4.650380e+01
1.467724e-01 2.683655e-03 9.891667e-01 7.851193e+00 -5.961430e-02 9.982018e-01 6.137388e-03 1.572741e-01 -9.873717e-01 -5.986924e-02 1.466686e-01 4.653997e+01
1.205159e-01 2.792386e-04 9.927114e-01 8.447254e+00 -5.563388e-02 9.984295e-01 6.473141e-03 1.327074e-01 -9.911507e-01 -5.600845e-02 1.203423e-01 4.666321e+01
1.000813e-01 -1.044413e-03 9.949788e-01 8.882441e+00 -5.346043e-02 9.985486e-01 6.425546e-03 1.173481e-01 -9.935415e-01 -5.383502e-02 9.988037e-02 4.667928e+01
8.289056e-02 3.837874e-04 9.965587e-01 9.329705e+00 -5.327443e-02 9.985710e-01 4.046629e-03 9.422524e-02 -9.951331e-01 -5.342647e-02 8.279270e-02 4.672715e+01
6.743075e-02 -3.726299e-04 9.977239e-01 9.719113e+00 -5.389471e-02 9.985378e-01 4.015380e-03 7.467231e-02 -9.962667e-01 -5.404276e-02 6.731222e-02 4.680376e+01
5.573433e-02 -8.419499e-05 9.984457e-01 1.034463e+01 -5.460480e-02 9.985024e-01 3.132295e-03 3.831237e-02 -9.969508e-01 -5.469446e-02 5.564642e-02 4.684145e+01
4.540882e-02 1.844990e-03 9.989668e-01 1.080378e+01 -5.032238e-02 9.987321e-01 4.428812e-04 3.157224e-02 -9.976996e-01 -5.029045e-02 4.544424e-02 4.686728e+01
3.938724e-02 3.776776e-03 9.992169e-01 1.123994e+01 -4.624873e-02 9.989273e-01 -1.952649e-03 4.025273e-02 -9.981526e-01 -4.613555e-02 3.951981e-02 4.683572e+01
3.422591e-02 2.737316e-03 9.994104e-01 1.169469e+01 -4.619349e-02 9.989311e-01 -1.154061e-03 3.929777e-02 -9.983454e-01 -4.612670e-02 3.431592e-02 4.686696e+01
2.974175e-02 -1.102409e-04 9.995576e-01 1.227677e+01 -4.915918e-02 9.987890e-01 1.572878e-03 3.888743e-02 -9.983474e-01 -4.918417e-02 2.970047e-02 4.693677e+01
2.705958e-02 -7.291770e-03 9.996072e-01 1.286004e+01 -5.148264e-02 9.986355e-01 8.678322e-03 3.137136e-02 -9.983066e-01 -5.169720e-02 2.664740e-02 4.696293e+01
2.526974e-02 -1.321227e-02 9.995934e-01 1.321674e+01 -5.045624e-02 9.986206e-01 1.447494e-02 4.845643e-02 -9.984059e-01 -5.080146e-02 2.456839e-02 4.694641e+01
2.475026e-02 -1.613786e-02 9.995634e-01 1.383477e+01 -4.810964e-02 9.986912e-01 1.731502e-02 4.682687e-02 -9.985347e-01 -4.851715e-02 2.394164e-02 4.694032e+01
2.497872e-02 -1.420543e-02 9.995870e-01 1.441395e+01 -4.471930e-02 9.988814e-01 1.531289e-02 5.436747e-02 -9.986866e-01 -4.508329e-02 2.431567e-02 4.693590e+01
2.465574e-02 -7.144718e-03 9.996704e-01 1.514121e+01 -4.391808e-02 9.990005e-01 8.223117e-03 4.816584e-02 -9.987301e-01 -4.410631e-02 2.431747e-02 4.701632e+01
2.675207e-02 5.370080e-04 9.996419e-01 1.574325e+01 -4.313292e-02 9.990684e-01 6.176052e-04 5.086707e-02 -9.987104e-01 -4.313396e-02 2.675047e-02 4.703829e+01
2.947610e-02 6.444709e-04 9.995652e-01 1.606504e+01 -4.217238e-02 9.991094e-01 5.994376e-04 6.412119e-02 -9.986748e-01 -4.217167e-02 2.947718e-02 4.700175e+01
3.121529e-02 -4.003114e-03 9.995046e-01 1.655682e+01 -4.239007e-02 9.990861e-01 5.325309e-03 7.704629e-02 -9.986126e-01 -4.253526e-02 3.101723e-02 4.703504e+01
3.315195e-02 -1.062527e-02 9.993938e-01 1.718607e+01 -4.251933e-02 9.990224e-01 1.203178e-02 8.346894e-02 -9.985447e-01 -4.289239e-02 3.266792e-02 4.708662e+01
3.669373e-02 -1.237179e-02 9.992499e-01 1.823100e+01 -4.387510e-02 9.989384e-01 1.397908e-02 5.577870e-02 -9.983621e-01 -4.435509e-02 3.611212e-02 4.713121e+01
3.893282e-02 -7.855735e-03 9.992109e-01 1.858036e+01 -3.590135e-02 9.993116e-01 9.255371e-03 6.821680e-02 -9.985959e-01 -3.623331e-02 3.862415e-02 4.715014e+01
4.085457e-02 -2.257530e-03 9.991624e-01 1.924518e+01 -3.421215e-02 9.994071e-01 3.656977e-03 8.338068e-02 -9.985784e-01 -3.433286e-02 4.075328e-02 4.724809e+01
4.293338e-02 -1.083463e-03 9.990773e-01 1.980956e+01 -4.002852e-02 9.991937e-01 2.803736e-03 1.133904e-01 -9.982749e-01 -4.011192e-02 4.285556e-02 4.730874e+01
4.557472e-02 -4.559692e-03 9.989504e-01 2.050044e+01 -4.449919e-02 9.989868e-01 6.590027e-03 1.112123e-01 -9.979685e-01 -4.475279e-02 4.532580e-02 4.739616e+01
5.020492e-02 -8.817608e-03 9.986998e-01 2.100308e+01 -4.016612e-02 9.991333e-01 1.084060e-02 1.114005e-01 -9.979302e-01 -4.065812e-02 4.980740e-02 4.739452e+01
5.220010e-02 -8.246321e-03 9.986024e-01 2.120162e+01 -3.548263e-02 9.993183e-01 1.010702e-02 1.381116e-01 -9.980053e-01 -3.596060e-02 5.187207e-02 4.746138e+01
5.470992e-02 -3.565444e-03 9.984958e-01 2.194171e+01 -3.551637e-02 9.993530e-01 5.514529e-03 1.494365e-01 -9.978697e-01 -3.576461e-02 5.454805e-02 4.752687e+01
5.794373e-02 -2.663770e-03 9.983162e-01 2.257023e+01 -3.924670e-02 9.992164e-01 4.944107e-03 1.581990e-01 -9.975473e-01 -3.946706e-02 5.779394e-02 4.760744e+01
6.046907e-02 -4.456367e-03 9.981599e-01 2.323463e+01 -4.048174e-02 9.991555e-01 6.913216e-03 1.332465e-01 -9.973480e-01 -4.082525e-02 6.023776e-02 4.768456e+01
6.318539e-02 -8.024911e-03 9.979694e-01 2.366436e+01 -3.642983e-02 9.992819e-01 1.034198e-02 1.442754e-01 -9.973359e-01 -3.700928e-02 6.284784e-02 4.772810e+01
6.587413e-02 -8.014678e-03 9.977956e-01 2.410770e+01 -3.166598e-02 9.994465e-01 1.011851e-02 1.528057e-01 -9.973245e-01 -3.226269e-02 6.558404e-02 4.776866e+01
6.824440e-02 -7.678137e-03 9.976390e-01 2.484604e+01 -2.908953e-02 9.995291e-01 9.682578e-03 1.407870e-01 -9.972436e-01 -2.968159e-02 6.798907e-02 4.785729e+01
7.005854e-02 -8.096323e-03 9.975100e-01 2.531460e+01 -2.874749e-02 9.995346e-01 1.013179e-02 1.471368e-01 -9.971277e-01 -2.938568e-02 6.979335e-02 4.793847e+01
7.337634e-02 -9.923373e-03 9.972548e-01 2.592739e+01 -2.663739e-02 9.995735e-01 1.190638e-02 1.454570e-01 -9.969476e-01 -2.743788e-02 7.308087e-02 4.799340e+01
7.752991e-02 -1.148318e-02 9.969237e-01 2.657017e+01 -2.447022e-02 9.996098e-01 1.341714e-02 1.292746e-01 -9.966887e-01 -2.543514e-02 7.721883e-02 4.801941e+01
8.032782e-02 -1.134175e-02 9.967038e-01 2.725532e+01 -2.635617e-02 9.995607e-01 1.349839e-02 1.249178e-01 -9.964190e-01 -2.735356e-02 7.999378e-02 4.808229e+01
8.279379e-02 -9.803270e-03 9.965183e-01 2.781528e+01 -2.928866e-02 9.994949e-01 1.226594e-02 1.265229e-01 -9.961352e-01 -3.020220e-02 8.246503e-02 4.816039e+01
8.626485e-02 -1.033591e-02 9.962184e-01 2.856965e+01 -2.720450e-02 9.995481e-01 1.272615e-02 1.106936e-01 -9.958997e-01 -2.819941e-02 8.594485e-02 4.820000e+01
8.859672e-02 -1.069385e-02 9.960099e-01 2.901963e+01 -2.940775e-02 9.994776e-01 1.334694e-02 1.312097e-01 -9.956324e-01 -3.047288e-02 8.823612e-02 4.825914e+01
9.080217e-02 -1.045428e-02 9.958138e-01 2.965627e+01 -3.108509e-02 9.994271e-01 1.332667e-02 1.303666e-01 -9.953827e-01 -3.216503e-02 9.042533e-02 4.833342e+01
9.391148e-02 -1.049900e-02 9.955249e-01 3.025983e+01 -3.377652e-02 9.993344e-01 1.372543e-02 1.282366e-01 -9.950064e-01 -3.491432e-02 9.349450e-02 4.838612e+01
9.715989e-02 -8.619340e-03 9.952312e-01 3.089961e+01 -3.503386e-02 9.993125e-01 1.207488e-02 1.293232e-01 -9.946510e-01 -3.603996e-02 9.679127e-02 4.844987e+01
1.005707e-01 -4.993508e-03 9.949171e-01 3.172434e+01 -3.609424e-02 9.993101e-01 8.664120e-03 1.197441e-01 -9.942740e-01 -3.678211e-02 1.003213e-01 4.853579e+01
1.036335e-01 -2.697021e-03 9.946116e-01 3.223679e+01 -3.595917e-02 9.993317e-01 6.456576e-03 1.318926e-01 -9.939643e-01 -3.643451e-02 1.034674e-01 4.860153e+01
1.071122e-01 8.398551e-06 9.942467e-01 3.293919e+01 -4.187198e-02 9.991121e-01 4.502509e-03 1.356931e-01 -9.933638e-01 -4.211333e-02 1.070176e-01 4.867230e+01
1.101492e-01 -4.249334e-04 9.939147e-01 3.353056e+01 -4.522358e-02 9.989614e-01 5.438926e-03 1.482573e-01 -9.928846e-01 -4.554746e-02 1.100157e-01 4.873221e+01
1.137423e-01 3.535948e-04 9.935099e-01 3.402469e+01 -4.300584e-02 9.990637e-01 4.567961e-03 1.728601e-01 -9.925780e-01 -4.324628e-02 1.136512e-01 4.878254e+01
1.174840e-01 1.405752e-03 9.930735e-01 3.461023e+01 -4.339996e-02 9.990501e-01 3.720146e-03 1.685440e-01 -9.921249e-01 -4.353640e-02 1.174335e-01 4.885965e+01
1.215359e-01 2.467545e-03 9.925836e-01 3.529719e+01 -4.699632e-02 9.988890e-01 3.271193e-03 1.633719e-01 -9.914728e-01 -4.704534e-02 1.215170e-01 4.893947e+01
1.250463e-01 3.425725e-04 9.921505e-01 3.589571e+01 -4.829760e-02 9.988158e-01 5.742339e-03 1.671572e-01 -9.909736e-01 -4.863654e-02 1.249149e-01 4.901699e+01
1.293781e-01 -1.814700e-04 9.915950e-01 3.647711e+01 -4.779482e-02 9.988359e-01 6.418808e-03 1.589973e-01 -9.904417e-01 -4.822354e-02 1.292190e-01 4.909451e+01
1.341264e-01 3.415688e-03 9.909580e-01 3.705911e+01 -5.166713e-02 9.986573e-01 3.550927e-03 1.550922e-01 -9.896153e-01 -5.167622e-02 1.341229e-01 4.918237e+01
1.397346e-01 1.213976e-02 9.901143e-01 3.780291e+01 -5.395550e-02 9.985319e-01 -4.628251e-03 1.445300e-01 -9.887168e-01 -5.277537e-02 1.401846e-01 4.930866e+01
1.465709e-01 1.682246e-02 9.890569e-01 3.829598e+01 -5.587409e-02 9.983992e-01 -8.701232e-03 1.462447e-01 -9.876198e-01 -5.398729e-02 1.472763e-01 4.939553e+01
1.536721e-01 1.954115e-02 9.879285e-01 3.915654e+01 -6.071480e-02 9.981013e-01 -1.029820e-02 1.055394e-01 -9.862538e-01 -5.839932e-02 1.545668e-01 4.955106e+01
1.609831e-01 1.796640e-02 9.867934e-01 3.981025e+01 -6.514036e-02 9.978468e-01 -7.540820e-03 8.706129e-02 -9.848042e-01 -6.306612e-02 1.618069e-01 4.966205e+01
1.688823e-01 1.589219e-02 9.855079e-01 4.038551e+01 -6.542779e-02 9.978446e-01 -4.879060e-03 6.864116e-02 -9.834613e-01 -6.365560e-02 1.695582e-01 4.974529e+01
1.756107e-01 1.279567e-02 9.843763e-01 4.101653e+01 -6.613683e-02 9.978091e-01 -1.171607e-03 7.705741e-02 -9.822347e-01 -6.489778e-02 1.760723e-01 4.988855e+01
1.832500e-01 7.380999e-03 9.830384e-01 4.167606e+01 -6.859929e-02 9.976295e-01 5.297162e-03 7.201156e-02 -9.806690e-01 -6.840645e-02 1.833220e-01 5.000808e+01
1.904752e-01 3.985919e-04 9.816917e-01 4.225655e+01 -7.104587e-02 9.973826e-01 1.337988e-02 9.093703e-02 -9.791169e-01 -7.229369e-02 1.900050e-01 5.013330e+01
1.978284e-01 -2.023949e-03 9.802344e-01 4.288109e+01 -7.139380e-02 9.973116e-01 1.646772e-02 1.085953e-01 -9.776324e-01 -7.324044e-02 1.971521e-01 5.027131e+01
2.044697e-01 1.105542e-04 9.788726e-01 4.320847e+01 -7.195103e-02 9.972959e-01 1.491670e-02 1.581459e-01 -9.762241e-01 -7.348092e-02 2.039248e-01 5.037264e+01
2.100683e-01 6.547791e-03 9.776645e-01 4.410606e+01 -7.124132e-02 9.974211e-01 8.627326e-03 1.417688e-01 -9.750869e-01 -7.146244e-02 2.099931e-01 5.057598e+01
2.154978e-01 9.862248e-03 9.764543e-01 4.476863e+01 -7.273642e-02 9.973326e-01 5.979382e-03 1.367045e-01 -9.737908e-01 -7.231235e-02 2.156404e-01 5.072244e+01
2.216158e-01 1.239230e-02 9.750550e-01 4.531397e+01 -7.335290e-02 9.972973e-01 3.997050e-03 1.372975e-01 -9.723704e-01 -7.240894e-02 2.219259e-01 5.081385e+01
2.268391e-01 1.158149e-02 9.738631e-01 4.573294e+01 -7.580323e-02 9.971052e-01 5.798727e-03 1.463712e-01 -9.709770e-01 -7.513738e-02 2.270604e-01 5.094301e+01
2.313339e-01 8.066433e-03 9.728407e-01 4.634631e+01 -7.233423e-02 9.973398e-01 8.930939e-03 1.434081e-01 -9.701808e-01 -7.243574e-02 2.313020e-01 5.109018e+01
2.352237e-01 1.003768e-03 9.719404e-01 4.693906e+01 -7.143368e-02 9.973121e-01 1.625802e-02 1.477387e-01 -9.693118e-01 -7.325359e-02 2.346632e-01 5.126015e+01
2.386567e-01 -5.549879e-03 9.710878e-01 4.763704e+01 -7.275793e-02 9.970701e-01 2.357952e-02 1.369424e-01 -9.683737e-01 -7.628178e-02 2.375537e-01 5.143302e+01
2.414222e-01 -8.761553e-03 9.703802e-01 4.827810e+01 -7.650170e-02 9.966746e-01 2.803192e-02 1.464696e-01 -9.673992e-01 -8.100331e-02 2.399492e-01 5.162913e+01
2.435715e-01 -8.675779e-03 9.698437e-01 4.869769e+01 -7.842498e-02 9.965086e-01 2.861035e-02 1.870195e-01 -9.667062e-01 -8.302868e-02 2.420407e-01 5.179929e+01
2.454091e-01 -6.841705e-03 9.693950e-01 4.920660e+01 -8.003533e-02 9.964175e-01 2.729392e-02 2.034054e-01 -9.661093e-01 -8.428405e-02 2.439824e-01 5.195610e+01
2.468637e-01 -2.642969e-03 9.690461e-01 4.984197e+01 -8.398179e-02 9.961748e-01 2.411125e-02 2.084610e-01 -9.654034e-01 -8.733447e-02 2.456975e-01 5.214003e+01
2.486694e-01 1.358043e-03 9.685870e-01 5.024471e+01 -8.536679e-02 9.961375e-01 2.051990e-02 2.413093e-01 -9.648184e-01 -8.778787e-02 2.478249e-01 5.227227e+01
2.507070e-01 6.540005e-03 9.680405e-01 5.078069e+01 -8.599229e-02 9.961738e-01 1.554055e-02 2.515506e-01 -9.642353e-01 -8.714018e-02 2.503102e-01 5.241434e+01
2.505981e-01 8.472934e-03 9.680538e-01 5.122734e+01 -8.525741e-02 9.962687e-01 1.335052e-02 2.884680e-01 -9.643288e-01 -8.587939e-02 2.503856e-01 5.262983e+01
2.517833e-01 8.003255e-03 9.677501e-01 5.190552e+01 -8.799999e-02 9.960119e-01 1.465832e-02 2.696488e-01 -9.637736e-01 -8.885274e-02 2.514836e-01 5.283224e+01
2.512580e-01 5.081530e-03 9.679064e-01 5.214203e+01 -8.863564e-02 9.959046e-01 1.778033e-02 3.196242e-01 -9.638524e-01 -9.025847e-02 2.506796e-01 5.296375e+01
2.508804e-01 2.734146e-03 9.680138e-01 5.259790e+01 -8.930606e-02 9.957959e-01 2.033286e-02 3.456926e-01 -9.638889e-01 -9.155064e-02 2.500700e-01 5.313838e+01
2.504672e-01 9.458643e-04 9.681242e-01 5.295992e+01 -8.824362e-02 9.958584e-01 2.185689e-02 3.648360e-01 -9.640942e-01 -9.090525e-02 2.495135e-01 5.327423e+01
2.480764e-01 -4.474106e-04 9.687399e-01 5.338402e+01 -8.877713e-02 9.957807e-01 2.319409e-02 3.687159e-01 -9.646631e-01 -9.175589e-02 2.469902e-01 5.344160e+01
2.455377e-01 2.329301e-04 9.693866e-01 5.376457e+01 -9.023031e-02 9.956634e-01 2.261536e-02 3.936423e-01 -9.651777e-01 -9.302101e-02 2.444941e-01 5.359116e+01
2.429764e-01 2.464475e-03 9.700286e-01 5.420773e+01 -9.169109e-02 9.955770e-01 2.043775e-02 3.820884e-01 -9.656881e-01 -9.390891e-02 2.421279e-01 5.371477e+01
2.401257e-01 5.715907e-03 9.707245e-01 5.455377e+01 -9.092426e-02 9.957182e-01 1.662863e-02 3.823138e-01 -9.664734e-01 -9.225540e-02 2.396175e-01 5.380787e+01
2.378792e-01 5.983927e-03 9.712759e-01 5.514435e+01 -8.958424e-02 9.958531e-01 1.580510e-02 3.737193e-01 -9.671538e-01 -9.077074e-02 2.374290e-01 5.395097e+01
2.357120e-01 5.141371e-03 9.718090e-01 5.561593e+01 -9.117574e-02 9.956915e-01 1.684693e-02 3.874679e-01 -9.675357e-01 -9.257643e-02 2.351654e-01 5.404637e+01
2.338696e-01 2.159839e-03 9.722652e-01 5.603203e+01 -9.383041e-02 9.953793e-01 2.035887e-02 3.798699e-01 -9.677290e-01 -9.598936e-02 2.329918e-01 5.408727e+01
2.317726e-01 -1.451759e-03 9.727685e-01 5.648183e+01 -9.462716e-02 9.952220e-01 2.403121e-02 3.950337e-01 -9.681558e-01 -9.762010e-02 2.305280e-01 5.415293e+01
2.287750e-01 -3.040285e-03 9.734742e-01 5.691139e+01 -9.160696e-02 9.954897e-01 2.463748e-02 3.971416e-01 -9.691588e-01 -9.481344e-02 2.274648e-01 5.424988e+01
2.262805e-01 -1.870960e-03 9.740600e-01 5.737606e+01 -8.794145e-02 9.958743e-01 2.234223e-02 4.019100e-01 -9.700835e-01 -9.071584e-02 2.251826e-01 5.436383e+01
2.236473e-01 -3.911324e-04 9.746698e-01 5.781983e+01 -8.398916e-02 9.962717e-01 1.967191e-02 4.016860e-01 -9.710439e-01 -8.626124e-02 2.227808e-01 5.444149e+01
2.216162e-01 1.461719e-03 9.751326e-01 5.827244e+01 -8.485972e-02 9.962333e-01 1.779253e-02 4.121180e-01 -9.714338e-01 -8.669257e-02 2.209057e-01 5.454956e+01
2.203244e-01 4.012513e-03 9.754181e-01 5.870078e+01 -8.532590e-02 9.962367e-01 1.517499e-02 4.228518e-01 -9.716867e-01 -8.657183e-02 2.198378e-01 5.462837e+01
2.190324e-01 2.303755e-03 9.757146e-01 5.915770e+01 -8.413788e-02 9.963161e-01 1.653521e-02 4.236433e-01 -9.720824e-01 -8.571627e-02 2.184195e-01 5.470390e+01
2.193260e-01 5.189364e-04 9.756512e-01 5.970215e+01 -7.835035e-02 9.967787e-01 1.708295e-02 4.225144e-01 -9.724998e-01 -8.018932e-02 2.186604e-01 5.480706e+01
2.216074e-01 -1.630490e-03 9.751343e-01 6.011224e+01 -7.369307e-02 9.971102e-01 1.841459e-02 4.264193e-01 -9.723467e-01 -7.594141e-02 2.208470e-01 5.484995e+01
2.233392e-01 -2.427629e-03 9.747375e-01 6.052357e+01 -7.087299e-02 9.973089e-01 1.872279e-02 4.328580e-01 -9.721600e-01 -7.326406e-02 2.225663e-01 5.490902e+01
2.269803e-01 -2.360186e-03 9.738961e-01 6.098971e+01 -7.368321e-02 9.970886e-01 1.958930e-02 4.433428e-01 -9.711072e-01 -7.620615e-02 2.261457e-01 5.499790e+01
2.317796e-01 -1.338846e-03 9.727670e-01 6.149898e+01 -7.498143e-02 9.969986e-01 1.923790e-02 4.617520e-01 -9.698734e-01 -7.739839e-02 2.309838e-01 5.513828e+01
2.386424e-01 -2.622123e-03 9.711036e-01 6.197196e+01 -7.312539e-02 9.971079e-01 2.066243e-02 4.642025e-01 -9.683496e-01 -7.594323e-02 2.377607e-01 5.521730e+01
2.463016e-01 -2.390403e-03 9.691899e-01 6.251317e+01 -7.457225e-02 9.969850e-01 2.141010e-02 4.651417e-01 -9.663193e-01 -7.754798e-02 2.453809e-01 5.535672e+01
2.542744e-01 -4.920454e-03 9.671192e-01 6.282834e+01 -7.276162e-02 9.970549e-01 2.420319e-02 4.767199e-01 -9.643903e-01 -7.652338e-02 2.531676e-01 5.541875e+01
2.626583e-01 -5.095385e-03 9.648750e-01 6.342089e+01 -7.564015e-02 9.967992e-01 2.585472e-02 4.886144e-01 -9.619187e-01 -7.977422e-02 2.614323e-01 5.562410e+01
2.723050e-01 -5.601150e-03 9.621943e-01 6.391479e+01 -7.574186e-02 9.967546e-01 2.723759e-02 4.933012e-01 -9.592245e-01 -8.029529e-02 2.709972e-01 5.576590e+01
2.821285e-01 -1.687435e-03 9.593748e-01 6.437981e+01 -7.976620e-02 9.964941e-01 2.520999e-02 5.051764e-01 -9.560540e-01 -8.363810e-02 2.810049e-01 5.590839e+01
2.914626e-01 4.640266e-04 9.565818e-01 6.464032e+01 -8.206533e-02 9.963245e-01 2.452132e-02 5.274031e-01 -9.530546e-01 -8.564921e-02 2.904295e-01 5.598148e+01
3.043926e-01 1.696766e-03 9.525448e-01 6.542464e+01 -8.415170e-02 9.961356e-01 2.511686e-02 4.707644e-01 -9.488214e-01 -8.780362e-02 3.033592e-01 5.618384e+01
3.143567e-01 3.222540e-03 9.492991e-01 6.585402e+01 -8.451645e-02 9.961174e-01 2.460581e-02 4.893490e-01 -9.455343e-01 -8.796636e-02 3.134087e-01 5.630356e+01
3.240360e-01 4.149882e-03 9.460353e-01 6.644080e+01 -8.650780e-02 9.959300e-01 2.526189e-02 5.077136e-01 -9.420803e-01 -9.002516e-02 3.230763e-01 5.653027e+01
3.342392e-01 4.240572e-03 9.424784e-01 6.688633e+01 -8.584498e-02 9.959693e-01 2.596267e-02 5.211982e-01 -9.385698e-01 -8.958473e-02 3.332561e-01 5.667525e+01
3.448020e-01 5.037123e-03 9.386615e-01 6.756652e+01 -8.885058e-02 9.956700e-01 2.729474e-02 5.255659e-01 -9.344601e-01 -9.281185e-02 3.437566e-01 5.693368e+01
3.558651e-01 -1.152222e-04 9.345369e-01 6.829890e+01 -8.703040e-02 9.956493e-01 3.326330e-02 5.303825e-01 -9.304753e-01 -9.317033e-02 3.543069e-01 5.719758e+01
3.658414e-01 -7.117342e-03 9.306496e-01 6.866691e+01 -8.194067e-02 9.958402e-01 3.982702e-02 5.702116e-01 -9.270622e-01 -9.082838e-02 3.637365e-01 5.733146e+01
3.769088e-01 -1.230063e-02 9.261683e-01 6.925536e+01 -7.839077e-02 9.958999e-01 4.512824e-02 5.750326e-01 -9.229264e-01 -8.961223e-02 3.743992e-01 5.754867e+01
3.875523e-01 -1.609279e-02 9.217069e-01 7.008430e+01 -7.731869e-02 9.957562e-01 4.989602e-02 5.827878e-01 -9.185987e-01 -9.060244e-02 3.846634e-01 5.791231e+01
3.962993e-01 -1.893475e-02 9.179258e-01 7.063023e+01 -6.996790e-02 9.962561e-01 5.075798e-02 6.147562e-01 -9.154507e-01 -8.434065e-02 3.934909e-01 5.814680e+01
4.049188e-01 -2.513302e-02 9.140068e-01 7.118289e+01 -6.118802e-02 9.966356e-01 5.451230e-02 6.530435e-01 -9.123022e-01 -7.799928e-02 4.020188e-01 5.834828e+01
4.112217e-01 -3.513286e-02 9.108577e-01 7.171921e+01 -5.106885e-02 9.967985e-01 6.150353e-02 6.688591e-01 -9.101028e-01 -7.180800e-02 4.081111e-01 5.856595e+01
4.177867e-01 -4.018844e-02 9.076555e-01 7.231496e+01 -4.375083e-02 9.969712e-01 6.428123e-02 7.188310e-01 -9.074903e-01 -6.656647e-02 4.147633e-01 5.884673e+01
4.241979e-01 -4.034626e-02 9.046699e-01 7.285860e+01 -4.132555e-02 9.971027e-01 6.384600e-02 7.436822e-01 -9.046252e-01 -6.446927e-02 4.213018e-01 5.912428e+01
4.317377e-01 -3.491911e-02 9.013227e-01 7.377829e+01 -3.636184e-02 9.977633e-01 5.607287e-02 7.971560e-01 -9.012651e-01 -5.698246e-02 4.295025e-01 5.959624e+01
4.379002e-01 -3.103850e-02 8.984873e-01 7.414520e+01 -3.139975e-02 9.982650e-01 4.978876e-02 8.474619e-01 -8.984743e-01 -5.001472e-02 4.361661e-01 5.981667e+01
4.428042e-01 -2.935333e-02 8.961374e-01 7.474474e+01 -3.184303e-02 9.983175e-01 4.843469e-02 8.838428e-01 -8.960519e-01 -4.998274e-02 4.411247e-01 6.015660e+01
4.476026e-01 -2.822929e-02 8.937865e-01 7.511032e+01 -3.748745e-02 9.980295e-01 5.029514e-02 9.124493e-01 -8.934457e-01 -5.601795e-02 4.456626e-01 6.036813e+01
4.511767e-01 -2.495004e-02 8.920854e-01 7.578800e+01 -4.277579e-02 9.978545e-01 4.954225e-02 9.314528e-01 -8.914081e-01 -6.051190e-02 4.491416e-01 6.079053e+01
4.547963e-01 -2.218122e-02 8.903188e-01 7.632695e+01 -4.161952e-02 9.980671e-01 4.612586e-02 9.802778e-01 -8.896217e-01 -5.803245e-02 4.529942e-01 6.112151e+01
4.581279e-01 -1.805249e-02 8.887025e-01 7.695538e+01 -4.335236e-02 9.981491e-01 4.262391e-02 1.025145e+00 -8.878276e-01 -5.805449e-02 4.564975e-01 6.152469e+01
4.613398e-01 -1.524322e-02 8.870921e-01 7.753323e+01 -4.552431e-02 9.981275e-01 4.082644e-02 1.050016e+00 -8.860540e-01 -5.921905e-02 4.597822e-01 6.186533e+01
4.644465e-01 -1.677363e-02 8.854419e-01 7.794702e+01 -4.668295e-02 9.979658e-01 4.339211e-02 1.077429e+00 -8.843691e-01 -6.148829e-02 4.627188e-01 6.210443e+01
4.682536e-01 -2.015599e-02 8.833637e-01 7.850403e+01 -4.542593e-02 9.978675e-01 4.684801e-02 1.090484e+00 -8.824248e-01 -6.206430e-02 4.663396e-01 6.242430e+01
4.713819e-01 -2.315402e-02 8.816248e-01 7.887725e+01 -4.526268e-02 9.977016e-01 5.040327e-02 1.114897e+00 -8.807662e-01 -6.366382e-02 4.692506e-01 6.263944e+01
4.743163e-01 -2.408347e-02 8.800246e-01 7.944042e+01 -4.581978e-02 9.975944e-01 5.199692e-02 1.135887e+00 -8.791605e-01 -6.498545e-02 4.720720e-01 6.297409e+01
4.771438e-01 -2.235944e-02 8.785404e-01 7.994051e+01 -4.768712e-02 9.975436e-01 5.128745e-02 1.155994e+00 -8.775296e-01 -6.636649e-02 4.749057e-01 6.327318e+01
4.797068e-01 -2.189624e-02 8.771552e-01 8.038492e+01 -4.699827e-02 9.976112e-01 5.060597e-02 1.170510e+00 -8.761684e-01 -6.550074e-02 4.775320e-01 6.350917e+01
4.813780e-01 -2.420203e-02 8.761784e-01 8.089523e+01 -4.388304e-02 9.976985e-01 5.166828e-02 1.203811e+00 -8.754130e-01 -6.332128e-02 4.792084e-01 6.381153e+01
4.820718e-01 -2.511387e-02 8.757712e-01 8.140343e+01 -4.253690e-02 9.977383e-01 5.202600e-02 1.225677e+00 -8.750976e-01 -6.233279e-02 4.799135e-01 6.413053e+01
4.840522e-01 -2.508685e-02 8.746790e-01 8.180026e+01 -4.383895e-02 9.976373e-01 5.287411e-02 1.249987e+00 -8.739394e-01 -6.393877e-02 4.818090e-01 6.434804e+01
4.856976e-01 -2.612057e-02 8.737361e-01 8.218599e+01 -4.167723e-02 9.977236e-01 5.299495e-02 1.279948e+00 -8.731319e-01 -6.215435e-02 4.835035e-01 6.457420e+01
4.874377e-01 -2.446195e-02 8.728145e-01 8.255003e+01 -4.150015e-02 9.978276e-01 5.114204e-02 1.317242e+00 -8.721701e-01 -6.115042e-02 4.853639e-01 6.484380e+01
4.889371e-01 -2.525988e-02 8.719527e-01 8.284999e+01 -3.698858e-02 9.980802e-01 4.965456e-02 1.347411e+00 -8.715336e-01 -5.653017e-02 4.870643e-01 6.510915e+01
4.922076e-01 -2.594054e-02 8.700907e-01 8.345432e+01 -3.433340e-02 9.981984e-01 4.918214e-02 1.378372e+00 -8.697996e-01 -5.408092e-02 4.904304e-01 6.542982e+01
4.946427e-01 -2.799842e-02 8.686448e-01 8.385038e+01 -3.064129e-02 9.982966e-01 4.962578e-02 1.397332e+00 -8.685552e-01 -5.116335e-02 4.929424e-01 6.569878e+01
4.967555e-01 -2.918734e-02 8.673990e-01 8.413680e+01 -2.867962e-02 9.983354e-01 5.001789e-02 1.421554e+00 -8.674157e-01 -4.972326e-02 4.950917e-01 6.596011e+01
5.002185e-01 -3.008059e-02 8.653760e-01 8.468233e+01 -2.677506e-02 9.983801e-01 5.018073e-02 1.435036e+00 -8.654843e-01 -4.827174e-02 4.986030e-01 6.626016e+01
5.036338e-01 -3.088353e-02 8.633645e-01 8.483337e+01 -2.557588e-02 9.983888e-01 5.063285e-02 1.478236e+00 -8.635377e-01 -4.758164e-02 5.020326e-01 6.638840e+01
