1.000000e+00 0.000000e+00 0.000000e+00 0.000000e+00 0.000000e+00 1.000000e+00 0.000000e+00 0.000000e+00 0.000000e+00 0.000000e+00 1.000000e+00 0.000000e+00
9.999974e-01 5.511058e-04 2.230210e-03 -1.311634e-01 -5.590857e-04 9.999934e-01 3.579031e-03 -1.188141e-01 -2.228223e-03 -3.580269e-03 9.999911e-01 1.239263e+00
9.999980e-01 2.396398e-04 2.020442e-03 -1.670240e-01 -2.484711e-04 9.999904e-01 4.371886e-03 -2.442276e-01 -2.019375e-03 -4.372379e-03 9.999884e-01 3.131714e+00
9.999978e-01 -7.542573e-04 1.980044e-03 -1.315630e-01 7.467636e-04 9.999925e-01 3.782638e-03 -2.643317e-01 -1.982883e-03 -3.781151e-03 9.999908e-01 3.944195e+00
9.999965e-01 -2.892557e-04 2.624917e-03 -1.541933e-01 2.770114e-04 9.999891e-01 4.663802e-03 -3.461353e-01 -2.626238e-03 -4.663059e-03 9.999856e-01 5.299480e+00
9.999916e-01 -2.511166e-04 4.099233e-03 -2.100212e-01 2.270629e-04 9.999828e-01 5.867254e-03 -3.769644e-01 -4.100636e-03 -5.866275e-03 9.999744e-01 6.258633e+00
9.999883e-01 -1.538263e-03 4.604246e-03 -2.280640e-01 1.504565e-03 9.999722e-01 7.313487e-03 -3.873086e-01 -4.615368e-03 -7.306474e-03 9.999626e-01 7.338336e+00
9.999918e-01 -7.074918e-04 3.984861e-03 -1.889406e-01 6.737313e-04 9.999639e-01 8.467111e-03 -4.577341e-01 -3.990707e-03 -8.464357e-03 9.999562e-01 8.708883e+00
9.999875e-01 4.100837e-04 4.991744e-03 -2.547814e-01 -4.470686e-04 9.999725e-01 7.410331e-03 -5.000335e-01 -4.988567e-03 -7.412469e-03 9.999601e-01 9.822995e+00
9.999815e-01 3.101689e-03 5.233021e-03 -2.427621e-01 -3.131962e-03 9.999784e-01 5.786777e-03 -5.398378e-01 -5.214959e-03 -5.803059e-03 9.999695e-01 1.108514e+01
9.999619e-01 6.982202e-03 5.246303e-03 -1.879986e-01 -7.014591e-03 9.999563e-01 6.180909e-03 -5.867723e-01 -5.202917e-03 -6.217473e-03 9.999672e-01 1.220759e+01
9.999682e-01 6.033076e-03 5.229122e-03 -1.613275e-01 -6.069942e-03 9.999567e-01 7.063236e-03 -5.901484e-01 -5.186282e-03 -7.094751e-03 9.999614e-01 1.323938e+01
9.999626e-01 6.368019e-03 5.867950e-03 -1.693058e-01 -6.417639e-03 9.999435e-01 8.476417e-03 -6.054081e-01 -5.813640e-03 -8.513757e-03 9.999468e-01 1.437050e+01
9.999784e-01 3.422814e-03 5.644935e-03 -7.141046e-02 -3.487922e-03 9.999270e-01 1.156445e-02 -6.085395e-01 -5.604940e-03 -1.158389e-02 9.999172e-01 1.543356e+01
9.999837e-01 -1.696226e-03 5.470901e-03 2.163514e-02 1.619826e-03 9.999015e-01 1.393884e-02 -6.390634e-01 -5.494005e-03 -1.392975e-02 9.998879e-01 1.655844e+01
9.999872e-01 -2.099637e-03 4.640074e-03 9.356011e-02 2.043612e-03 9.999254e-01 1.204585e-02 -7.008809e-01 -4.665019e-03 -1.203621e-02 9.999167e-01 1.807787e+01
9.999886e-01 -1.758687e-03 4.480563e-03 2.309653e-01 1.712397e-03 9.999453e-01 1.031402e-02 -7.100047e-01 -4.498457e-03 -1.030623e-02 9.999368e-01 1.891901e+01
9.999734e-01 3.305208e-03 6.518306e-03 1.755586e-01 -3.365934e-03 9.999508e-01 9.327302e-03 -8.035170e-01 -6.487156e-03 -9.348993e-03 9.999353e-01 2.021708e+01
9.998929e-01 1.019579e-02 1.050722e-02 1.582995e-03 -1.032792e-02 9.998673e-01 1.259944e-02 -9.530681e-01 -1.037736e-02 -1.270661e-02 9.998655e-01 2.109140e+01
9.998401e-01 1.270484e-02 1.259158e-02 -2.337807e-02 -1.291882e-02 9.997710e-01 1.706070e-02 -1.038883e+00 -1.237195e-02 -1.722064e-02 9.997752e-01 2.216137e+01
9.998683e-01 1.016758e-02 1.265057e-02 1.659767e-01 -1.040553e-02 9.997675e-01 1.888799e-02 -9.864728e-01 -1.245558e-02 -1.901713e-02 9.997417e-01 2.279000e+01
9.998881e-01 2.953269e-03 1.466536e-02 9.153485e-04 -3.213008e-03 9.998378e-01 1.771924e-02 -9.697242e-01 -1.461065e-02 -1.776437e-02 9.997355e-01 2.392019e+01
9.998881e-01 3.139909e-03 1.462791e-02 5.606008e-02 -3.371529e-03 9.998689e-01 1.583644e-02 -9.913263e-01 -1.457626e-02 -1.588398e-02 9.997676e-01 2.502184e+01
9.998809e-01 3.571184e-03 1.502086e-02 2.630065e-01 -3.785434e-03 9.998912e-01 1.425938e-02 -9.961553e-01 -1.496830e-02 -1.431454e-02 9.997855e-01 2.572792e+01
9.998223e-01 6.517409e-03 1.769407e-02 1.865805e-01 -6.767213e-03 9.998778e-01 1.409499e-02 -1.016406e+00 -1.760005e-02 -1.421223e-02 9.997441e-01 2.679524e+01
9.998058e-01 6.685824e-03 1.854091e-02 2.695431e-01 -6.916285e-03 9.998993e-01 1.239377e-02 -1.010784e+00 -1.845618e-02 -1.251959e-02 9.997513e-01 2.773948e+01
9.997378e-01 7.910043e-03 2.149035e-02 1.147610e-01 -8.196197e-03 9.998785e-01 1.326020e-02 -1.032225e+00 -2.138285e-02 -1.343286e-02 9.996812e-01 2.883584e+01
9.996768e-01 9.396795e-03 2.362641e-02 -1.345922e-02 -9.755138e-03 9.998384e-01 1.509785e-02 -1.101909e+00 -2.348072e-02 -1.532345e-02 9.996069e-01 3.007851e+01
9.996523e-01 1.232594e-02 2.331177e-02 1.114498e-01 -1.272334e-02 9.997749e-01 1.697631e-02 -1.135125e+00 -2.309728e-02 -1.726701e-02 9.995842e-01 3.100063e+01
9.995826e-01 1.541038e-02 2.443654e-02 9.976643e-02 -1.584347e-02 9.997190e-01 1.762961e-02 -1.151689e+00 -2.415800e-02 -1.800941e-02 9.995461e-01 3.211745e+01
9.994782e-01 1.797797e-02 2.683868e-02 2.064435e-02 -1.845504e-02 9.996741e-01 1.763488e-02 -1.162957e+00 -2.651289e-02 -1.812099e-02 9.994844e-01 3.312691e+01
9.994102e-01 2.138073e-02 2.687318e-02 1.403015e-01 -2.187254e-02 9.995962e-01 1.814232e-02 -1.161634e+00 -2.647443e-02 -1.871940e-02 9.994744e-01 3.407966e+01
9.993455e-01 2.267807e-02 2.818201e-02 5.028479e-02 -2.320604e-02 9.995586e-01 1.855063e-02 -1.195720e+00 -2.774888e-02 -1.919248e-02 9.994308e-01 3.525827e+01
9.993425e-01 2.201934e-02 2.880492e-02 3.357876e-03 -2.257074e-02 9.995654e-01 1.895950e-02 -1.228286e+00 -2.837493e-02 -1.959718e-02 9.994054e-01 3.653870e+01
9.993386e-01 2.209884e-02 2.888118e-02 6.852569e-02 -2.264164e-02 9.995705e-01 1.860426e-02 -1.216056e+00 -2.845765e-02 -1.924587e-02 9.994099e-01 3.743443e+01
9.993445e-01 2.270287e-02 2.819804e-02 1.803380e-01 -2.324830e-02 9.995459e-01 1.916799e-02 -1.219281e+00 -2.775007e-02 -1.981098e-02 9.994187e-01 3.830229e+01
9.993165e-01 2.257253e-02 2.927554e-02 -4.582842e-02 -2.318309e-02 9.995171e-01 2.068665e-02 -1.259955e+00 -2.879446e-02 -2.135121e-02 9.993574e-01 4.011880e+01
9.992552e-01 2.368280e-02 3.046611e-02 -8.393587e-02 -2.434181e-02 9.994736e-01 2.144514e-02 -1.290444e+00 -2.994220e-02 -2.217077e-02 9.993058e-01 4.107685e+01
9.992235e-01 2.502161e-02 3.043852e-02 -6.432675e-02 -2.571467e-02 9.994140e-01 2.259468e-02 -1.346442e+00 -2.985533e-02 -2.335985e-02 9.992813e-01 4.207598e+01
9.991849e-01 2.686292e-02 3.013287e-02 7.351038e-02 -2.759772e-02 9.993251e-01 2.424056e-02 -1.380570e+00 -2.946137e-02 -2.505240e-02 9.992520e-01 4.259210e+01
9.991797e-01 2.654683e-02 3.058394e-02 6.197260e-02 -2.734204e-02 9.992909e-01 2.588312e-02 -1.418751e+00 -2.987514e-02 -2.669811e-02 9.991971e-01 4.365061e+01
9.992384e-01 2.575888e-02 2.931305e-02 2.178795e-01 -2.654715e-02 9.992874e-01 2.682761e-02 -1.490511e+00 -2.860112e-02 -2.758535e-02 9.992104e-01 4.503359e+01
9.993547e-01 2.284185e-02 2.772308e-02 5.059239e-01 -2.359066e-02 9.993573e-01 2.699058e-02 -1.499763e+00 -2.708875e-02 -2.762716e-02 9.992514e-01 4.541135e+01
9.993885e-01 2.074608e-02 2.814623e-02 5.952798e-01 -2.152601e-02 9.993846e-01 2.769585e-02 -1.484406e+00 -2.755434e-02 -2.828479e-02 9.992202e-01 4.610674e+01
9.994668e-01 1.742605e-02 2.761173e-02 7.750142e-01 -1.823634e-02 9.994022e-01 2.937111e-02 -1.512495e+00 -2.708340e-02 -2.985899e-02 9.991872e-01 4.702360e+01
9.993857e-01 1.692673e-02 3.068913e-02 5.605675e-01 -1.786632e-02 9.993719e-01 3.060494e-02 -1.546861e+00 -3.015181e-02 -3.113444e-02 9.990605e-01 4.828405e+01
9.993947e-01 1.537101e-02 3.121128e-02 6.751518e-01 -1.633763e-02 9.993873e-01 3.095525e-02 -1.586012e+00 -3.071634e-02 -3.144643e-02 9.990335e-01 4.913302e+01
9.993133e-01 1.468966e-02 3.401802e-02 5.781550e-01 -1.572542e-02 9.994147e-01 3.038263e-02 -1.565202e+00 -3.355180e-02 -3.089672e-02 9.989594e-01 4.957449e+01
9.992720e-01 1.649221e-02 3.440133e-02 6.791633e-01 -1.756031e-02 9.993658e-01 3.098077e-02 -1.671363e+00 -3.386857e-02 -3.156232e-02 9.989280e-01 5.080232e+01
9.991749e-01 1.881888e-02 3.599257e-02 6.015748e-01 -1.995569e-02 9.993049e-01 3.149046e-02 -1.752371e+00 -3.537494e-02 -3.218273e-02 9.988559e-01 5.245554e+01
9.990785e-01 2.112923e-02 3.736224e-02 6.330197e-01 -2.237587e-02 9.991960e-01 3.326915e-02 -1.748210e+00 -3.662924e-02 -3.407449e-02 9.987480e-01 5.285857e+01
9.989093e-01 2.488459e-02 3.950996e-02 5.951470e-01 -2.628152e-02 9.990333e-01 3.523977e-02 -1.799572e+00 -3.859483e-02 -3.623971e-02 9.985977e-01 5.369312e+01
9.987171e-01 2.879707e-02 4.165215e-02 5.585088e-01 -3.030311e-02 9.988927e-01 3.598992e-02 -1.786068e+00 -4.056962e-02 -3.720593e-02 9.984839e-01 5.410583e+01
9.985566e-01 3.238116e-02 4.285074e-02 5.964438e-01 -3.394002e-02 9.987693e-01 3.616568e-02 -1.781484e+00 -4.162691e-02 -3.756783e-02 9.984269e-01 5.485097e+01
9.982913e-01 3.613835e-02 4.591726e-02 4.793783e-01 -3.781702e-02 9.986277e-01 3.623151e-02 -1.789707e+00 -4.454489e-02 -3.790605e-02 9.982882e-01 5.584853e+01
9.981127e-01 3.834780e-02 4.796230e-02 4.560699e-01 -4.013504e-02 9.985137e-01 3.687271e-02 -1.841660e+00 -4.647702e-02 -3.872809e-02 9.981685e-01 5.690826e+01
9.980320e-01 3.912698e-02 4.900032e-02 4.671529e-01 -4.102439e-02 9.984225e-01 3.833461e-02 -1.907696e+00 -4.742310e-02 -4.026938e-02 9.980630e-01 5.808280e+01
9.980077e-01 3.860532e-02 4.990048e-02 4.710053e-01 -4.056481e-02 9.984205e-01 3.887060e-02 -1.958785e+00 -4.832105e-02 -4.081737e-02 9.979976e-01 5.916967e+01
9.980191e-01 3.713280e-02 5.078236e-02 6.011916e-01 -3.911360e-02 9.984896e-01 3.858476e-02 -1.949713e+00 -4.927289e-02 -4.049461e-02 9.979643e-01 5.932695e+01
9.980143e-01 3.604054e-02 5.165612e-02 6.273717e-01 -3.808379e-02 9.985081e-01 3.913221e-02 -1.942127e+00 -5.016870e-02 -4.102176e-02 9.978981e-01 5.990303e+01
9.980214e-01 3.528042e-02 5.204168e-02 5.374886e-01 -3.737320e-02 9.985084e-01 3.980420e-02 -1.972476e+00 -5.055974e-02 -4.167040e-02 9.978515e-01 6.169366e+01
9.979428e-01 3.578296e-02 5.319305e-02 4.780621e-01 -3.793331e-02 9.984802e-01 3.998102e-02 -2.009057e+00 -5.168155e-02 -4.191655e-02 9.977837e-01 6.261231e+01
9.979194e-01 3.535770e-02 5.391192e-02 4.529161e-01 -3.760060e-02 9.984443e-01 4.117247e-02 -2.019476e+00 -5.237227e-02 -4.311392e-02 9.976967e-01 6.314369e+01
9.979795e-01 3.440224e-02 5.341426e-02 4.974639e-01 -3.670481e-02 9.984117e-01 4.274247e-02 -2.049363e+00 -5.185898e-02 -4.461666e-02 9.976574e-01 6.404832e+01
9.980582e-01 3.168707e-02 5.362361e-02 4.911258e-01 -3.406881e-02 9.984460e-01 4.410055e-02 -2.027998e+00 -5.214286e-02 -4.584180e-02 9.975870e-01 6.478535e+01
9.982064e-01 2.959226e-02 5.203884e-02 6.355128e-01 -3.194998e-02 9.984726e-01 4.507461e-02 -2.036629e+00 -5.062548e-02 -4.665640e-02 9.976274e-01 6.574707e+01
9.982492e-01 2.807009e-02 5.206022e-02 6.501483e-01 -3.044167e-02 9.985079e-01 4.533551e-02 -2.035397e+00 -5.070996e-02 -4.684094e-02 9.976144e-01 6.667340e+01
9.982692e-01 2.617895e-02 5.265865e-02 6.287166e-01 -2.858601e-02 9.985557e-01 4.548932e-02 -2.031594e+00 -5.139172e-02 -4.691589e-02 9.975761e-01 6.751097e+01
9.983066e-01 2.512041e-02 5.246463e-02 7.737221e-01 -2.753811e-02 9.985673e-01 4.587986e-02 -2.067115e+00 -5.123695e-02 -4.724693e-02 9.975684e-01 6.810366e+01
9.983126e-01 2.490294e-02 5.245577e-02 7.579204e-01 -2.732213e-02 9.985716e-01 4.591816e-02 -2.087636e+00 -5.123734e-02 -4.727387e-02 9.975671e-01 6.963770e+01
9.982841e-01 2.404542e-02 5.338992e-02 8.220035e-01 -2.650142e-02 9.986000e-01 4.578031e-02 -2.070022e+00 -5.221436e-02 -4.711665e-02 9.975238e-01 7.018815e+01
9.981769e-01 2.454381e-02 5.513810e-02 7.401138e-01 -2.705683e-02 9.986069e-01 4.530247e-02 -2.043942e+00 -5.394939e-02 -4.671173e-02 9.974505e-01 7.099741e+01
9.980562e-01 2.632000e-02 5.648687e-02 7.225850e-01 -2.893875e-02 9.985197e-01 4.605433e-02 -2.057490e+00 -5.519111e-02 -4.759945e-02 9.973406e-01 7.204527e+01
9.979298e-01 2.725453e-02 5.824941e-02 6.822156e-01 -3.004587e-02 9.984148e-01 4.759466e-02 -2.040083e+00 -5.685990e-02 -4.924627e-02 9.971669e-01 7.280405e+01
9.978469e-01 2.860243e-02 5.901838e-02 7.845327e-01 -3.151642e-02 9.982991e-01 4.904902e-02 -2.005777e+00 -5.751507e-02 -5.080345e-02 9.970512e-01 7.321601e+01
9.978071e-01 2.839175e-02 5.978720e-02 8.306720e-01 -3.128571e-02 9.983555e-01 4.803804e-02 -1.981256e+00 -5.832499e-02 -4.980318e-02 9.970546e-01 7.451040e+01
9.978079e-01 2.886277e-02 5.954925e-02 9.927404e-01 -3.162742e-02 9.984398e-01 4.601841e-02 -1.978271e+00 -5.812812e-02 -4.780091e-02 9.971641e-01 7.554972e+01
9.978061e-01 2.772257e-02 6.011887e-02 1.051836e+00 -3.045092e-02 9.985251e-01 4.495177e-02 -1.937653e+00 -5.878401e-02 -4.668382e-02 9.971786e-01 7.635955e+01
9.978132e-01 2.532027e-02 6.105212e-02 1.039110e+00 -2.818079e-02 9.985228e-01 4.645728e-02 -1.931158e+00 -5.978562e-02 -4.807618e-02 9.970529e-01 7.766888e+01
9.978195e-01 2.221951e-02 6.214778e-02 1.084061e+00 -2.527980e-02 9.984840e-01 4.889742e-02 -1.923083e+00 -6.096708e-02 -5.036188e-02 9.968685e-01 7.887155e+01
9.977585e-01 2.101062e-02 6.353173e-02 1.100822e+00 -2.420527e-02 9.984590e-01 4.994018e-02 -1.950149e+00 -6.238455e-02 -5.136603e-02 9.967296e-01 8.026678e+01
9.977426e-01 1.891543e-02 6.443354e-02 1.267984e+00 -2.207715e-02 9.985688e-01 4.871647e-02 -1.896786e+00 -6.341982e-02 -5.002900e-02 9.967322e-01 8.067840e+01
9.976106e-01 2.093789e-02 6.583627e-02 1.210930e+00 -2.403444e-02 9.986246e-01 4.659945e-02 -1.886362e+00 -6.477001e-02 -4.807043e-02 9.967418e-01 8.217529e+01
9.974608e-01 2.311628e-02 6.735816e-02 1.257990e+00 -2.616646e-02 9.986551e-01 4.475841e-02 -1.878847e+00 -6.623293e-02 -4.640729e-02 9.967245e-01 8.333382e+01
9.972097e-01 2.610066e-02 6.993668e-02 1.339845e+00 -2.927809e-02 9.985669e-01 4.479998e-02 -1.842115e+00 -6.866714e-02 -4.672258e-02 9.965450e-01 8.354898e+01
9.970822e-01 2.739061e-02 7.124890e-02 1.434062e+00 -3.080812e-02 9.984047e-01 4.731769e-02 -1.879180e+00 -6.983917e-02 -4.937467e-02 9.963357e-01 8.491717e+01
9.969268e-01 2.798845e-02 7.316560e-02 1.449043e+00 -3.167971e-02 9.982573e-01 4.978694e-02 -1.879333e+00 -7.164463e-02 -5.195180e-02 9.960764e-01 8.585184e+01
9.968863e-01 2.635520e-02 7.431546e-02 1.568205e+00 -3.013705e-02 9.982826e-01 5.023582e-02 -1.821410e+00 -7.286386e-02 -5.231903e-02 9.959688e-01 8.663379e+01
9.966812e-01 2.769965e-02 7.654415e-02 1.587707e+00 -3.157556e-02 9.982551e-01 4.989893e-02 -1.818706e+00 -7.502842e-02 -5.215024e-02 9.958169e-01 8.739692e+01
9.964789e-01 2.966180e-02 7.841860e-02 1.673571e+00 -3.360672e-02 9.982099e-01 4.947431e-02 -1.803449e+00 -7.681075e-02 -5.193548e-02 9.956923e-01 8.810223e+01
9.962972e-01 3.196704e-02 7.980971e-02 1.677841e+00 -3.602060e-02 9.981056e-01 4.987806e-02 -1.850852e+00 -7.806409e-02 -5.256816e-02 9.955615e-01 9.006995e+01
9.958799e-01 3.466129e-02 8.379380e-02 1.571861e+00 -3.886252e-02 9.980406e-01 4.903747e-02 -1.863453e+00 -8.192994e-02 -5.209186e-02 9.952759e-01 9.082732e+01
9.957527e-01 3.560821e-02 8.490089e-02 1.621156e+00 -3.981563e-02 9.980347e-01 4.838943e-02 -1.850110e+00 -8.301099e-02 -5.156428e-02 9.952138e-01 9.253992e+01
9.955885e-01 3.482810e-02 8.712053e-02 1.638135e+00 -3.916346e-02 9.980523e-01 4.855856e-02 -1.828537e+00 -8.525965e-02 -5.175627e-02 9.950137e-01 9.390765e+01
9.954982e-01 3.433446e-02 8.834092e-02 1.812819e+00 -3.880583e-02 9.980247e-01 4.940526e-02 -1.777138e+00 -8.647014e-02 -5.261098e-02 9.948644e-01 9.440545e+01
9.953954e-01 3.272724e-02 9.009105e-02 1.849015e+00 -3.739336e-02 9.980187e-01 5.060213e-02 -1.766305e+00 -8.825651e-02 -5.373794e-02 9.946473e-01 9.566773e+01
9.953817e-01 3.196719e-02 9.051386e-02 1.978718e+00 -3.670722e-02 9.980139e-01 5.119665e-02 -1.742871e+00 -8.869751e-02 -5.428273e-02 9.945785e-01 9.680766e+01
9.953651e-01 3.001239e-02 9.136244e-02 2.116129e+00 -3.482037e-02 9.980662e-01 5.149434e-02 -1.696548e+00 -8.964033e-02 -5.443694e-02 9.944855e-01 9.721837e+01
9.954069e-01 2.860653e-02 9.135821e-02 2.195640e+00 -3.352107e-02 9.980466e-01 5.272068e-02 -1.712991e+00 -8.967165e-02 -5.554096e-02 9.944216e-01 9.878263e+01
9.954661e-01 2.674230e-02 9.127812e-02 2.282183e+00 -3.165212e-02 9.981049e-01 5.277283e-02 -1.702006e+00 -8.969392e-02 -5.542271e-02 9.944262e-01 1.000547e+02
9.954961e-01 2.536144e-02 9.134484e-02 2.333575e+00 -3.027908e-02 9.981430e-01 5.285878e-02 -1.671551e+00 -8.983468e-02 -5.538655e-02 9.944155e-01 1.008202e+02
9.954091e-01 2.390714e-02 9.267528e-02 2.199674e+00 -2.898460e-02 9.981292e-01 5.383471e-02 -1.626014e+00 -9.121491e-02 -5.627372e-02 9.942400e-01 1.023124e+02
9.951650e-01 2.272544e-02 9.554949e-02 1.842120e+00 -2.795855e-02 9.981608e-01 5.379143e-02 -1.569078e+00 -9.415136e-02 -5.620278e-02 9.939703e-01 1.042047e+02
9.953583e-01 2.145846e-02 9.381311e-02 2.108479e+00 -2.667368e-02 9.981468e-01 5.469599e-02 -1.571285e+00 -9.246559e-02 -5.694446e-02 9.940863e-01 1.042865e+02
9.954644e-01 2.094959e-02 9.279640e-02 2.245276e+00 -2.619209e-02 9.981073e-01 5.564205e-02 -1.642322e+00 -9.145511e-02 -5.782022e-02 9.941292e-01 1.051827e+02
9.954903e-01 2.085156e-02 9.254066e-02 2.300088e+00 -2.607611e-02 9.981120e-01 5.561171e-02 -1.628469e+00 -9.120638e-02 -5.777403e-02 9.941548e-01 1.062996e+02
9.956107e-01 1.816892e-02 9.180678e-02 2.417496e+00 -2.318777e-02 9.982771e-01 5.390013e-02 -1.613679e+00 -9.066933e-02 -5.579235e-02 9.943171e-01 1.071945e+02
9.955472e-01 1.275900e-02 9.339246e-02 2.258934e+00 -1.783844e-02 9.983947e-01 5.375718e-02 -1.590868e+00 -9.255668e-02 -5.518380e-02 9.941771e-01 1.084156e+02
9.956264e-01 4.771324e-03 9.329739e-02 2.401840e+00 -1.011054e-02 9.983321e-01 5.683959e-02 -1.577336e+00 -9.287062e-02 -5.753429e-02 9.940146e-01 1.087371e+02
9.957240e-01 -2.230936e-03 9.234726e-02 2.545233e+00 -3.201792e-03 9.982741e-01 5.863968e-02 -1.528746e+00 -9.231873e-02 -5.868463e-02 9.939987e-01 1.095162e+02
9.954668e-01 -4.559150e-03 9.499628e-02 2.227837e+00 -7.794597e-04 9.984257e-01 5.608561e-02 -1.572127e+00 -9.510246e-02 -5.590543e-02 9.938964e-01 1.114612e+02
9.953914e-01 -4.483569e-03 9.578720e-02 2.368634e+00 -6.509279e-04 9.985673e-01 5.350506e-02 -1.518524e+00 -9.588990e-02 -5.332084e-02 9.939628e-01 1.122047e+02
9.952409e-01 -1.863476e-03 9.742421e-02 2.454199e+00 -3.197068e-03 9.986543e-01 5.176175e-02 -1.474803e+00 -9.738960e-02 -5.182689e-02 9.938959e-01 1.130292e+02
9.951190e-01 -1.970419e-03 9.865939e-02 2.508916e+00 -3.186967e-03 9.986373e-01 5.209004e-02 -1.460421e+00 -9.862762e-02 -5.215023e-02 9.937569e-01 1.142976e+02
9.950761e-01 -6.166892e-03 9.891907e-02 2.759851e+00 6.260427e-04 9.984334e-01 5.594774e-02 -1.416817e+00 -9.910917e-02 -5.561034e-02 9.935214e-01 1.147871e+02
9.947075e-01 -1.125260e-02 1.021260e-01 2.544341e+00 5.218352e-03 9.982346e-01 5.916254e-02 -1.417325e+00 -1.026115e-01 -5.831651e-02 9.930105e-01 1.166971e+02
9.944705e-01 -1.345985e-02 1.041468e-01 2.524842e+00 7.089820e-03 9.980945e-01 6.129434e-02 -1.471317e+00 -1.047734e-01 -6.021705e-02 9.926713e-01 1.176410e+02
9.944066e-01 -1.362353e-02 1.047334e-01 2.680330e+00 7.138734e-03 9.980478e-01 6.204466e-02 -1.511032e+00 -1.053743e-01 -6.094998e-02 9.925629e-01 1.184893e+02
9.941263e-01 -1.135092e-02 1.076265e-01 2.693093e+00 4.563674e-03 9.979966e-01 6.310097e-02 -1.489876e+00 -1.081271e-01 -6.223918e-02 9.921868e-01 1.192188e+02
9.938656e-01 -9.257672e-03 1.102038e-01 2.641589e+00 2.393200e-03 9.980571e-01 6.225915e-02 -1.399733e+00 -1.105661e-01 -6.161349e-02 9.919571e-01 1.206839e+02
9.936266e-01 -5.519434e-03 1.125842e-01 2.682510e+00 -1.293585e-03 9.981762e-01 6.035246e-02 -1.362325e+00 -1.127120e-01 -6.011346e-02 9.918076e-01 1.213688e+02
9.933810e-01 -1.670502e-03 1.148509e-01 2.694718e+00 -5.251301e-03 9.981881e-01 5.993900e-02 -1.350543e+00 -1.147429e-01 -6.014539e-02 9.915727e-01 1.225769e+02
9.932003e-01 5.030464e-04 1.164143e-01 2.894776e+00 -7.698069e-03 9.980857e-01 6.136417e-02 -1.308701e+00 -1.161606e-01 -6.184309e-02 9.913032e-01 1.226356e+02
9.930987e-01 3.571234e-03 1.172244e-01 2.930336e+00 -1.085665e-02 9.980437e-01 6.157003e-02 -1.337294e+00 -1.167752e-01 -6.241779e-02 9.911950e-01 1.243053e+02
9.930519e-01 6.987712e-03 1.174675e-01 3.039739e+00 -1.402555e-02 9.981478e-01 5.919387e-02 -1.312436e+00 -1.168363e-01 -6.043013e-02 9.913109e-01 1.256517e+02
9.927849e-01 1.328156e-02 1.191685e-01 3.030128e+00 -2.017380e-02 9.981806e-01 5.681765e-02 -1.336549e+00 -1.181971e-01 -5.881179e-02 9.912469e-01 1.265135e+02
9.925824e-01 2.107491e-02 1.197307e-01 3.110508e+00 -2.793230e-02 9.980462e-01 5.588715e-02 -1.381764e+00 -1.183190e-01 -5.881695e-02 9.912320e-01 1.281385e+02
9.921137e-01 2.660060e-02 1.224841e-01 3.098567e+00 -3.383097e-02 9.977815e-01 5.733481e-02 -1.376440e+00 -1.206872e-01 -6.102639e-02 9.908129e-01 1.287771e+02
9.920675e-01 2.946518e-02 1.222033e-01 3.299662e+00 -3.695553e-02 9.975446e-01 5.948753e-02 -1.369549e+00 -1.201505e-01 -6.353172e-02 9.907206e-01 1.311081e+02
9.917513e-01 3.070454e-02 1.244433e-01 3.344811e+00 -3.867761e-02 9.973158e-01 6.216863e-02 -1.341150e+00 -1.222005e-01 -6.646898e-02 9.902771e-01 1.319055e+02
9.918904e-01 2.621045e-02 1.243619e-01 3.513346e+00 -3.431639e-02 9.973920e-01 6.349240e-02 -1.271734e+00 -1.223735e-01 -6.724516e-02 9.902033e-01 1.326717e+02
9.919807e-01 2.569867e-02 1.237475e-01 3.648736e+00 -3.381229e-02 9.973820e-01 6.391867e-02 -1.254003e+00 -1.217810e-01 -6.759027e-02 9.902529e-01 1.336473e+02
9.919974e-01 2.736163e-02 1.232563e-01 3.652028e+00 -3.501731e-02 9.975609e-01 6.038001e-02 -1.278079e+00 -1.213036e-01 -6.421292e-02 9.905362e-01 1.354282e+02
9.919109e-01 3.070391e-02 1.231649e-01 3.730331e+00 -3.791810e-02 9.976729e-01 5.666339e-02 -1.270940e+00 -1.211385e-01 -6.087521e-02 9.907671e-01 1.360673e+02
9.917361e-01 3.652840e-02 1.229828e-01 3.921732e+00 -4.374856e-02 9.974418e-01 5.652904e-02 -1.264462e+00 -1.206033e-01 -6.144220e-02 9.907974e-01 1.367522e+02
9.912086e-01 4.131551e-02 1.256912e-01 3.815397e+00 -4.899203e-02 9.970779e-01 5.860838e-02 -1.331752e+00 -1.229025e-01 -6.425099e-02 9.903366e-01 1.383303e+02
9.908742e-01 4.393292e-02 1.274283e-01 3.911204e+00 -5.222992e-02 9.966761e-01 6.251669e-02 -1.328376e+00 -1.242583e-01 -6.860173e-02 9.898754e-01 1.389041e+02
9.907215e-01 4.458071e-02 1.283863e-01 4.059702e+00 -5.321689e-02 9.964885e-01 6.464071e-02 -1.284882e+00 -1.250538e-01 -7.087325e-02 9.896152e-01 1.398790e+02
9.904992e-01 4.416807e-02 1.302310e-01 4.093585e+00 -5.312173e-02 9.963979e-01 6.609860e-02 -1.259480e+00 -1.268425e-01 -7.238869e-02 9.892778e-01 1.404283e+02
9.903461e-01 4.345867e-02 1.316267e-01 4.150706e+00 -5.270912e-02 9.963171e-01 6.762818e-02 -1.298979e+00 -1.282029e-01 -7.391323e-02 9.889896e-01 1.415849e+02
9.902735e-01 4.100614e-02 1.329534e-01 4.256295e+00 -5.050173e-02 9.963475e-01 6.885245e-02 -1.277914e+00 -1.296444e-01 -7.489713e-02 9.887276e-01 1.420059e+02
9.902957e-01 3.824883e-02 1.336084e-01 4.401119e+00 -4.781744e-02 9.964588e-01 6.915750e-02 -1.230824e+00 -1.304902e-01 -7.487517e-02 9.886181e-01 1.434834e+02
9.900641e-01 3.603384e-02 1.359209e-01 4.414151e+00 -4.606704e-02 9.963825e-01 7.140804e-02 -1.275275e+00 -1.328561e-01 -7.695998e-02 9.881427e-01 1.447856e+02
9.900143e-01 3.271230e-02 1.371183e-01 4.598452e+00 -4.311176e-02 9.963573e-01 7.357237e-02 -1.267463e+00 -1.342122e-01 -7.874908e-02 9.878185e-01 1.449137e+02
9.898456e-01 3.211297e-02 1.384706e-01 4.724719e+00 -4.274036e-02 9.963066e-01 7.447068e-02 -1.312610e+00 -1.355677e-01 -7.963274e-02 9.875625e-01 1.458618e+02
9.896212e-01 3.600599e-02 1.391159e-01 4.871707e+00 -4.628679e-02 9.963740e-01 7.138625e-02 -1.366999e+00 -1.360411e-01 -7.708454e-02 9.876996e-01 1.473701e+02
9.889035e-01 4.527909e-02 1.414898e-01 4.865073e+00 -5.530712e-02 9.961671e-01 6.776375e-02 -1.447216e+00 -1.378792e-01 -7.483719e-02 9.876176e-01 1.486159e+02
9.883383e-01 5.493809e-02 1.420177e-01 5.117572e+00 -6.516416e-02 9.955284e-01 6.838452e-02 -1.445985e+00 -1.376257e-01 -7.684148e-02 9.874990e-01 1.502289e+02
9.871365e-01 6.214394e-02 1.473071e-01 4.911790e+00 -7.342818e-02 9.946658e-01 7.244179e-02 -1.419385e+00 -1.420196e-01 -8.232640e-02 9.864343e-01 1.513337e+02
9.866154e-01 6.350227e-02 1.501914e-01 4.929534e+00 -7.542361e-02 9.943228e-01 7.505319e-02 -1.401414e+00 -1.445727e-01 -8.537655e-02 9.858040e-01 1.525123e+02
9.864292e-01 6.219698e-02 1.519500e-01 4.936456e+00 -7.447840e-02 9.942827e-01 7.651389e-02 -1.411382e+00 -1.463223e-01 -8.679248e-02 9.854221e-01 1.541189e+02
9.865322e-01 6.024381e-02 1.520680e-01 5.066116e+00 -7.263085e-02 9.943618e-01 7.725836e-02 -1.393629e+00 -1.465563e-01 -8.726265e-02 9.853458e-01 1.541633e+02
9.864958e-01 5.983772e-02 1.524641e-01 5.170402e+00 -7.232173e-02 9.943504e-01 7.769313e-02 -1.422437e+00 -1.469538e-01 -8.767038e-02 9.852504e-01 1.556940e+02
9.863042e-01 6.041802e-02 1.534717e-01 5.309561e+00 -7.309686e-02 9.942416e-01 7.835726e-02 -1.392567e+00 -1.478538e-01 -8.850236e-02 9.850413e-01 1.569116e+02
9.860067e-01 6.312715e-02 1.542904e-01 5.465189e+00 -7.604474e-02 9.939454e-01 7.930292e-02 -1.387427e+00 -1.483501e-01 -8.992615e-02 9.848378e-01 1.578698e+02
9.855833e-01 6.591605e-02 1.558214e-01 5.585927e+00 -7.928195e-02 9.935414e-01 8.117401e-02 -1.402313e+00 -1.494644e-01 -9.235754e-02 9.844443e-01 1.588273e+02
9.854684e-01 6.787120e-02 1.557089e-01 5.852609e+00 -8.137168e-02 9.933021e-01 8.202874e-02 -1.457064e+00 -1.490987e-01 -9.350698e-02 9.843912e-01 1.596781e+02
9.853988e-01 6.816979e-02 1.560188e-01 6.036969e+00 -8.174269e-02 9.932496e-01 8.229469e-02 -1.456889e+00 -1.493557e-01 -9.384644e-02 9.843200e-01 1.610020e+02
9.852354e-01 6.786954e-02 1.571772e-01 6.148404e+00 -8.161639e-02 9.932247e-01 8.271957e-02 -1.425092e+00 -1.504982e-01 -9.432644e-02 9.841001e-01 1.621284e+02
9.850881e-01 6.965563e-02 1.573188e-01 6.367035e+00 -8.355205e-02 9.929972e-01 8.351355e-02 -1.427007e+00 -1.504001e-01 -9.541248e-02 9.840103e-01 1.630882e+02
9.848841e-01 7.127318e-02 1.578699e-01 6.498248e+00 -8.528377e-02 9.928240e-01 8.382156e-02 -1.388259e+00 -1.507629e-01 -9.601824e-02 9.838959e-01 1.649199e+02
9.847848e-01 7.121846e-02 1.585129e-01 6.686783e+00 -8.531684e-02 9.928074e-01 8.398370e-02 -1.327116e+00 -1.513917e-01 -9.622966e-02 9.837787e-01 1.650755e+02
9.843644e-01 7.357035e-02 1.600428e-01 6.702872e+00 -8.791891e-02 9.925369e-01 8.449578e-02 -1.317846e+00 -1.526321e-01 -9.724540e-02 9.834870e-01 1.669214e+02
9.841326e-01 7.430711e-02 1.611240e-01 6.794598e+00 -8.888901e-02 9.923852e-01 8.525899e-02 -1.311806e+00 -1.535618e-01 -9.822828e-02 9.832446e-01 1.681018e+02
9.839702e-01 7.611918e-02 1.612698e-01 6.994495e+00 -9.081712e-02 9.921631e-01 8.581072e-02 -1.277901e+00 -1.534743e-01 -9.908123e-02 9.831727e-01 1.693013e+02
9.837828e-01 7.607350e-02 1.624298e-01 7.071945e+00 -9.097655e-02 9.921002e-01 8.636727e-02 -1.253961e+00 -1.545765e-01 -9.974393e-02 9.829329e-01 1.700653e+02
9.835905e-01 7.644449e-02 1.634170e-01 7.212464e+00 -9.147406e-02 9.920422e-01 8.650777e-02 -1.222994e+00 -1.555037e-01 -1.000366e-01 9.827569e-01 1.712662e+02
9.834068e-01 7.622354e-02 1.646218e-01 7.322480e+00 -9.149700e-02 9.919730e-01 8.727312e-02 -1.184957e+00 -1.566482e-01 -1.008874e-01 9.824881e-01 1.724499e+02
9.831969e-01 7.522130e-02 1.663273e-01 7.344657e+00 -9.082283e-02 9.919470e-01 8.826666e-02 -1.141994e+00 -1.583485e-01 -1.018898e-01 9.821121e-01 1.732757e+02
9.829308e-01 7.690527e-02 1.671281e-01 7.495813e+00 -9.275661e-02 9.916847e-01 8.919820e-02 -1.099515e+00 -1.588787e-01 -1.031779e-01 9.818919e-01 1.754834e+02
9.828023e-01 7.762060e-02 1.675526e-01 7.650462e+00 -9.351153e-02 9.916204e-01 8.912528e-02 -1.053376e+00 -1.592307e-01 -1.032606e-01 9.818261e-01 1.758116e+02
9.823961e-01 7.939446e-02 1.690967e-01 7.769196e+00 -9.548813e-02 9.914196e-01 8.926201e-02 -1.019719e+00 -1.605591e-01 -1.038374e-01 9.815489e-01 1.766856e+02
9.818928e-01 8.201642e-02 1.707607e-01 7.905431e+00 -9.855200e-02 9.909880e-01 9.071279e-02 -1.007851e+00 -1.617820e-01 -1.058990e-01 9.811278e-01 1.777780e+02
9.814082e-01 8.334525e-02 1.728893e-01 8.011842e+00 -1.005485e-01 9.905522e-01 9.324615e-02 -9.751342e-01 -1.634844e-01 -1.088963e-01 9.805174e-01 1.785951e+02
9.810715e-01 8.349276e-02 1.747193e-01 8.109174e+00 -1.010368e-01 9.904274e-01 9.404119e-02 -9.382711e-01 -1.651952e-01 -1.099142e-01 9.801170e-01 1.792055e+02
9.807170e-01 8.459533e-02 1.761735e-01 8.255701e+00 -1.021685e-01 9.903927e-01 9.317932e-02 -8.927568e-01 -1.665985e-01 -1.093819e-01 9.799390e-01 1.806015e+02
9.809777e-01 8.122543e-02 1.763081e-01 8.431458e+00 -9.869302e-02 9.907932e-01 9.266755e-02 -8.670754e-01 -1.671580e-01 -1.083051e-01 9.799633e-01 1.814721e+02
9.810782e-01 7.885388e-02 1.768246e-01 8.609271e+00 -9.658132e-02 9.908770e-01 9.398774e-02 -8.299254e-01 -1.678002e-01 -1.092872e-01 9.797445e-01 1.825530e+02
9.815704e-01 7.483711e-02 1.758362e-01 8.863852e+00 -9.277424e-02 9.910380e-01 9.610095e-02 -8.187159e-01 -1.670685e-01 -1.106429e-01 9.797174e-01 1.830613e+02
9.818765e-01 7.101279e-02 1.757131e-01 9.055921e+00 -8.914736e-02 9.912288e-01 9.755541e-02 -7.729762e-01 -1.672443e-01 -1.114517e-01 9.795957e-01 1.843855e+02
9.820139e-01 6.970794e-02 1.754677e-01 9.257613e+00 -8.790265e-02 9.912817e-01 9.814573e-02 -7.365962e-01 -1.670965e-01 -1.118045e-01 9.795807e-01 1.849391e+02
9.817334e-01 7.231701e-02 1.759805e-01 9.498902e+00 -9.069736e-02 9.909708e-01 9.874145e-02 -6.518099e-01 -1.672510e-01 -1.128987e-01 9.794288e-01 1.866113e+02
9.812930e-01 7.372933e-02 1.778413e-01 9.541285e+00 -9.234916e-02 9.908130e-01 9.879358e-02 -5.666037e-01 -1.689236e-01 -1.133689e-01 9.790874e-01 1.875904e+02
9.809859e-01 6.280637e-02 1.836340e-01 9.005831e+00 -8.199605e-02 9.917186e-01 9.884174e-02 -3.134859e-01 -1.759055e-01 -1.120196e-01 9.780126e-01 1.892429e+02
9.812933e-01 6.753219e-02 1.802839e-01 9.676190e+00 -8.658560e-02 9.912131e-01 9.999263e-02 -4.633113e-01 -1.719472e-01 -1.137320e-01 9.785188e-01 1.889959e+02
9.816099e-01 6.389884e-02 1.798843e-01 1.000907e+01 -8.308681e-02 9.913865e-01 1.012338e-01 -3.592485e-01 -1.718662e-01 -1.143181e-01 9.784647e-01 1.907949e+02
9.817110e-01 6.413361e-02 1.792476e-01 1.035649e+01 -8.350977e-02 9.911975e-01 1.027259e-01 -3.431277e-01 -1.710817e-01 -1.158161e-01 9.784259e-01 1.914941e+02
9.819191e-01 6.492808e-02 1.778165e-01 1.072823e+01 -8.410698e-02 9.911672e-01 1.025307e-01 -3.041106e-01 -1.695889e-01 -1.156324e-01 9.787075e-01 1.925603e+02
9.820796e-01 6.367695e-02 1.773819e-01 1.102142e+01 -8.265402e-02 9.913718e-01 1.017312e-01 -1.744395e-01 -1.693735e-01 -1.145694e-01 9.788697e-01 1.941123e+02
9.821444e-01 6.120463e-02 1.778927e-01 1.122329e+01 -8.044111e-02 9.914215e-01 1.030126e-01 -5.476879e-02 -1.700619e-01 -1.154830e-01 9.786430e-01 1.943896e+02
9.820055e-01 6.075982e-02 1.788093e-01 1.140218e+01 -8.040028e-02 9.912455e-01 1.047240e-01 2.820381e-02 -1.708810e-01 -1.172158e-01 9.782943e-01 1.953590e+02
9.818509e-01 6.120702e-02 1.795043e-01 1.161818e+01 -8.079122e-02 9.913005e-01 1.038994e-01 1.595235e-01 -1.715834e-01 -1.165160e-01 9.782549e-01 1.972492e+02
9.816076e-01 6.205541e-02 1.805407e-01 1.178427e+01 -8.159506e-02 9.913396e-01 1.028928e-01 2.647049e-01 -1.725922e-01 -1.157315e-01 9.781705e-01 1.984123e+02
9.814410e-01 6.249470e-02 1.812935e-01 1.195315e+01 -8.206893e-02 9.913355e-01 1.025552e-01 3.523954e-01 -1.733136e-01 -1.155304e-01 9.780667e-01 1.988748e+02
9.809731e-01 6.446251e-02 1.831273e-01 1.216674e+01 -8.431049e-02 9.911275e-01 1.027468e-01 4.904133e-01 -1.748793e-01 -1.162314e-01 9.777049e-01 2.007204e+02
9.804459e-01 6.732356e-02 1.849126e-01 1.231105e+01 -8.742432e-02 9.908533e-01 1.027893e-01 5.382868e-01 -1.763012e-01 -1.169452e-01 9.773643e-01 2.017241e+02
9.801142e-01 6.761579e-02 1.865566e-01 1.243727e+01 -8.786258e-02 9.908465e-01 1.024809e-01 6.521066e-01 -1.779198e-01 -1.168343e-01 9.770842e-01 2.023891e+02
9.798661e-01 6.793846e-02 1.877388e-01 1.263960e+01 -8.832697e-02 9.908080e-01 1.024542e-01 7.468503e-01 -1.790527e-01 -1.169738e-01 9.768606e-01 2.036408e+02
9.799021e-01 6.731956e-02 1.877736e-01 1.299843e+01 -8.766730e-02 9.908879e-01 1.022467e-01 8.351122e-01 -1.791795e-01 -1.166533e-01 9.768757e-01 2.054639e+02
9.802232e-01 6.301806e-02 1.875903e-01 1.333797e+01 -8.335458e-02 9.912267e-01 1.025688e-01 8.924515e-01 -1.794810e-01 -1.161768e-01 9.768772e-01 2.070526e+02
9.809507e-01 5.893931e-02 1.850967e-01 1.385134e+01 -7.956785e-02 9.911695e-01 1.060705e-01 6.527946e-01 -1.772105e-01 -1.187777e-01 9.769789e-01 2.071649e+02
9.814712e-01 5.315770e-02 1.840854e-01 1.426015e+01 -7.411616e-02 9.912844e-01 1.089087e-01 6.641591e-01 -1.766917e-01 -1.205344e-01 9.768577e-01 2.091860e+02
9.812021e-01 5.185138e-02 1.858839e-01 1.430622e+01 -7.316896e-02 9.912654e-01 1.097194e-01 7.114465e-01 -1.785713e-01 -1.212579e-01 9.764263e-01 2.098568e+02
9.814100e-01 5.208916e-02 1.847166e-01 1.467635e+01 -7.312018e-02 9.913555e-01 1.089346e-01 7.173024e-01 -1.774456e-01 -1.204159e-01 9.767357e-01 2.116442e+02
9.817516e-01 5.056626e-02 1.833191e-01 1.501729e+01 -7.114980e-02 9.916552e-01 1.075019e-01 8.080552e-01 -1.763535e-01 -1.185833e-01 9.771576e-01 2.129611e+02
9.817503e-01 5.066610e-02 1.832984e-01 1.527575e+01 -7.129329e-02 9.916177e-01 1.077523e-01 9.852661e-01 -1.763026e-01 -1.188538e-01 9.771339e-01 2.157161e+02
9.819629e-01 4.932798e-02 1.825227e-01 1.546570e+01 -7.000835e-02 9.916111e-01 1.086519e-01 1.010462e+00 -1.756320e-01 -1.194703e-01 9.771794e-01 2.161715e+02
9.820772e-01 4.893536e-02 1.820127e-01 1.561040e+01 -6.947947e-02 9.916908e-01 1.082643e-01 1.105775e+00 -1.752024e-01 -1.189701e-01 9.773175e-01 2.163883e+02
9.820744e-01 4.907563e-02 1.819903e-01 1.579567e+01 -6.965980e-02 9.916528e-01 1.084956e-01 1.219605e+00 -1.751467e-01 -1.192281e-01 9.772961e-01 2.180331e+02
9.822293e-01 4.834771e-02 1.813482e-01 1.604792e+01 -6.902837e-02 9.915847e-01 1.095179e-01 1.306332e+00 -1.745272e-01 -1.200898e-01 9.773014e-01 2.194242e+02
9.824084e-01 4.664017e-02 1.808242e-01 1.623981e+01 -6.729045e-02 9.916726e-01 1.098025e-01 1.452796e+00 -1.741972e-01 -1.200386e-01 9.773666e-01 2.204338e+02
9.827517e-01 4.482063e-02 1.794139e-01 1.655159e+01 -6.568086e-02 9.915267e-01 1.120713e-01 1.566079e+00 -1.728705e-01 -1.219223e-01 9.773690e-01 2.218895e+02
9.828362e-01 4.578211e-02 1.787064e-01 1.680756e+01 -6.689326e-02 9.912308e-01 1.139551e-01 1.678136e+00 -1.719222e-01 -1.239534e-01 9.772807e-01 2.233510e+02
9.828454e-01 4.507794e-02 1.788350e-01 1.706069e+01 -6.625991e-02 9.912338e-01 1.142980e-01 1.796745e+00 -1.721150e-01 -1.241868e-01 9.772172e-01 2.242373e+02
9.825491e-01 4.397704e-02 1.807275e-01 1.721889e+01 -6.541780e-02 9.912730e-01 1.144428e-01 1.943578e+00 -1.741175e-01 -1.242684e-01 9.768521e-01 2.260630e+02
9.827681e-01 4.159144e-02 1.801004e-01 1.753081e+01 -6.298448e-02 9.913957e-01 1.147448e-01 2.055995e+00 -1.737783e-01 -1.241110e-01 9.769325e-01 2.272777e+02
9.826624e-01 3.813928e-02 1.814358e-01 1.765665e+01 -5.965745e-02 9.916109e-01 1.146623e-01 2.157146e+00 -1.755406e-01 -1.234982e-01 9.766950e-01 2.286102e+02
9.827834e-01 3.514523e-02 1.813850e-01 1.790774e+01 -5.644644e-02 9.919159e-01 1.136452e-01 2.258360e+00 -1.759246e-01 -1.219271e-01 9.768233e-01 2.298549e+02
9.829740e-01 3.403229e-02 1.805629e-01 1.824673e+01 -5.519783e-02 9.920002e-01 1.135228e-01 2.374579e+00 -1.752550e-01 -1.215566e-01 9.769899e-01 2.316704e+02
9.832222e-01 3.389569e-02 1.792322e-01 1.842939e+01 -5.497153e-02 9.919622e-01 1.139639e-01 2.427110e+00 -1.739287e-01 -1.219044e-01 9.771835e-01 2.330940e+02
9.832167e-01 3.241226e-02 1.795364e-01 1.851998e+01 -5.399325e-02 9.917031e-01 1.166545e-01 2.471106e+00 -1.742658e-01 -1.243904e-01 9.768100e-01 2.352880e+02
9.832458e-01 3.172067e-02 1.795005e-01 1.874776e+01 -5.408853e-02 9.911618e-01 1.211251e-01 2.533413e+00 -1.740719e-01 -1.288046e-01 9.762723e-01 2.365520e+02
9.829741e-01 2.836704e-02 1.815392e-01 1.888746e+01 -5.169140e-02 9.907996e-01 1.250708e-01 2.661931e+00 -1.763211e-01 -1.323254e-01 9.753974e-01 2.383597e+02
9.827738e-01 2.613954e-02 1.829522e-01 1.906626e+01 -4.984256e-02 9.907528e-01 1.261868e-01 2.822339e+00 -1.779620e-01 -1.331318e-01 9.749896e-01 2.398079e+02
9.829550e-01 2.466994e-02 1.821808e-01 1.942871e+01 -4.819776e-02 9.908742e-01 1.258718e-01 2.940376e+00 -1.774131e-01 -1.325070e-01 9.751747e-01 2.411059e+02
9.832819e-01 2.394047e-02 1.805064e-01 1.988051e+01 -4.728431e-02 9.908823e-01 1.261541e-01 3.059471e+00 -1.758404e-01 -1.325802e-01 9.754496e-01 2.415431e+02
9.830847e-01 2.391377e-02 1.815802e-01 2.009959e+01 -4.748662e-02 9.908150e-01 1.266066e-01 3.204864e+00 -1.768848e-01 -1.330877e-01 9.751916e-01 2.426979e+02
9.828591e-01 2.379032e-02 1.828137e-01 2.033654e+01 -4.761634e-02 9.907497e-01 1.270688e-01 3.349392e+00 -1.780996e-01 -1.335957e-01 9.749010e-01 2.442733e+02
9.823952e-01 2.515253e-02 1.851105e-01 2.046282e+01 -4.925353e-02 9.907070e-01 1.267765e-01 3.485589e+00 -1.802016e-01 -1.336620e-01 9.745055e-01 2.459126e+02
9.809982e-01 2.477715e-02 1.924255e-01 2.013853e+01 -5.014909e-02 9.904885e-01 1.281259e-01 3.515863e+00 -1.874207e-01 -1.353412e-01 9.729108e-01 2.477186e+02
9.811071e-01 2.376708e-02 1.919970e-01 2.057177e+01 -4.964290e-02 9.901235e-01 1.311097e-01 3.569255e+00 -1.869847e-01 -1.381639e-01 9.725979e-01 2.485920e+02
9.806513e-01 2.404056e-02 1.942780e-01 2.072499e+01 -5.050254e-02 9.899047e-01 1.324263e-01 3.670914e+00 -1.891332e-01 -1.396756e-01 9.719663e-01 2.500002e+02
9.803629e-01 2.402265e-02 1.957303e-01 2.088610e+01 -5.040427e-02 9.901070e-01 1.309429e-01 3.853191e+00 -1.906484e-01 -1.382372e-01 9.718760e-01 2.512326e+02
9.799868e-01 2.703305e-02 1.972154e-01 2.106444e+01 -5.372716e-02 9.898863e-01 1.312893e-01 3.981747e+00 -1.916717e-01 -1.392577e-01 9.715289e-01 2.530889e+02
9.794152e-01 3.193401e-02 1.993111e-01 2.114607e+01 -5.873322e-02 9.897678e-01 1.300327e-01 4.022036e+00 -1.931193e-01 -1.390622e-01 9.712701e-01 2.541137e+02
9.789304e-01 3.781385e-02 2.006594e-01 2.126297e+01 -6.441665e-02 9.897113e-01 1.277520e-01 4.096470e+00 -1.937641e-01 -1.379862e-01 9.712952e-01 2.557778e+02
9.777591e-01 3.984008e-02 2.059093e-01 2.115716e+01 -6.741337e-02 9.893913e-01 1.286810e-01 4.231699e+00 -1.985982e-01 -1.397001e-01 9.700730e-01 2.579685e+02
9.774159e-01 4.083471e-02 2.073388e-01 2.138849e+01 -6.951291e-02 9.886781e-01 1.329740e-01 4.305130e+00 -1.995614e-01 -1.443837e-01 9.691891e-01 2.584063e+02
9.772376e-01 4.335053e-02 2.076680e-01 2.165862e+01 -7.273732e-02 9.880295e-01 1.360348e-01 4.464790e+00 -1.992850e-01 -1.480436e-01 9.686937e-01 2.604366e+02
9.769967e-01 4.556537e-02 2.083268e-01 2.188118e+01 -7.485698e-02 9.880188e-01 1.349591e-01 4.642349e+00 -1.996814e-01 -1.474494e-01 9.687027e-01 2.620323e+02
9.769781e-01 4.390477e-02 2.087701e-01 2.206076e+01 -7.336887e-02 9.880489e-01 1.355546e-01 4.735822e+00 -2.003236e-01 -1.477511e-01 9.685241e-01 2.636396e+02
9.770347e-01 4.230812e-02 2.088349e-01 2.229504e+01 -7.253744e-02 9.875907e-01 1.392895e-01 4.768403e+00 -2.003504e-01 -1.512391e-01 9.679800e-01 2.645688e+02
9.771682e-01 4.124199e-02 2.084230e-01 2.262598e+01 -7.144116e-02 9.876389e-01 1.395136e-01 4.965993e+00 -2.000929e-01 -1.512183e-01 9.680365e-01 2.658375e+02
9.771232e-01 4.179433e-02 2.085240e-01 2.294391e+01 -7.195260e-02 9.876446e-01 1.392099e-01 5.113614e+00 -2.001295e-01 -1.510292e-01 9.680584e-01 2.671696e+02
9.773308e-01 4.181367e-02 2.075448e-01 2.332722e+01 -7.168574e-02 9.877543e-01 1.385680e-01 5.285672e+00 -1.992093e-01 -1.503048e-01 9.683609e-01 2.685545e+02
9.772577e-01 4.135598e-02 2.079802e-01 2.363462e+01 -7.132649e-02 9.877564e-01 1.387380e-01 5.463656e+00 -1.996962e-01 -1.504173e-01 9.682431e-01 2.702951e+02
9.772213e-01 4.158098e-02 2.081064e-01 2.394022e+01 -7.136314e-02 9.878966e-01 1.377175e-01 5.694926e+00 -1.998613e-01 -1.494317e-01 9.683617e-01 2.716979e+02
9.771762e-01 4.020191e-02 2.085888e-01 2.421094e+01 -6.991524e-02 9.880866e-01 1.370953e-01 5.917256e+00 -2.005923e-01 -1.485499e-01 9.683462e-01 2.732530e+02
9.772018e-01 4.277619e-02 2.079554e-01 2.464326e+01 -7.231864e-02 9.879814e-01 1.366055e-01 6.046732e+00 -1.996127e-01 -1.485303e-01 9.685516e-01 2.748196e+02
9.775044e-01 4.269416e-02 2.065452e-01 2.508525e+01 -7.189625e-02 9.880938e-01 1.360142e-01 6.265930e+00 -1.982791e-01 -1.478044e-01 9.689364e-01 2.760057e+02
