1.000000e+00 0.000000e+00 0.000000e+00 0.000000e+00 0.000000e+00 1.000000e+00 0.000000e+00 0.000000e+00 0.000000e+00 0.000000e+00 1.000000e+00 0.000000e+00
9.999981e-01 4.531223e-04 1.909779e-03 6.521786e-03 -4.490912e-04 9.999977e-01 -2.110666e-03 -7.979895e-02 -1.910731e-03 2.109804e-03 9.999959e-01 9.716267e-01
9.999961e-01 -2.682704e-03 7.702444e-04 7.569958e-02 2.684056e-03 9.999949e-01 -1.759231e-03 -1.028609e-01 -7.655210e-04 1.761292e-03 9.999982e-01 1.632617e+00
9.999879e-01 -4.916953e-03 -9.790936e-06 9.771181e-02 4.916955e-03 9.999804e-01 3.872991e-03 -1.544580e-01 -9.252632e-06 -3.872992e-03 9.999925e-01 2.387299e+00
9.999692e-01 -7.835051e-03 4.332734e-04 3.732733e-02 7.829583e-03 9.999040e-01 1.143932e-02 -1.910232e-01 -5.228595e-04 -1.143557e-02 9.999344e-01 3.032810e+00
9.999289e-01 -1.148245e-02 -3.221417e-03 1.140421e-01 1.152492e-02 9.998427e-01 1.348914e-02 -2.699258e-01 3.066021e-03 -1.352531e-02 9.999038e-01 3.958547e+00
9.998774e-01 -1.422434e-02 -6.547301e-03 1.851306e-01 1.430506e-02 9.998202e-01 1.245213e-02 -3.414032e-01 6.369000e-03 -1.254426e-02 9.999010e-01 5.003115e+00
9.998497e-01 -1.461368e-02 -9.320358e-03 2.600021e-01 1.471401e-02 9.998336e-01 1.078796e-02 -3.866315e-01 9.161156e-03 -1.092348e-02 9.998983e-01 5.714334e+00
9.998441e-01 -1.440238e-02 -1.021364e-02 2.388531e-01 1.452313e-02 9.998245e-01 1.184814e-02 -4.360074e-01 1.004121e-02 -1.199463e-02 9.998776e-01 6.520896e+00
9.998101e-01 -1.528652e-02 -1.208123e-02 2.363014e-01 1.547023e-02 9.997640e-01 1.526203e-02 -4.818805e-01 1.184508e-02 -1.544603e-02 9.998105e-01 7.416616e+00
9.997916e-01 -1.540677e-02 -1.338574e-02 2.457891e-01 1.566855e-02 9.996837e-01 1.967776e-02 -5.267231e-01 1.307834e-02 -1.988339e-02 9.997167e-01 8.213944e+00
9.997665e-01 -1.618911e-02 -1.430744e-02 2.215393e-01 1.650799e-02 9.996116e-01 2.245805e-02 -5.702478e-01 1.393831e-02 -2.268899e-02 9.996454e-01 9.163697e+00
9.997439e-01 -1.752295e-02 -1.431565e-02 2.219003e-01 1.787904e-02 9.995242e-01 2.513704e-02 -5.997931e-01 1.386836e-02 -2.538656e-02 9.995815e-01 9.857225e+00
9.997389e-01 -1.756491e-02 -1.460783e-02 2.080781e-01 1.793650e-02 9.995087e-01 2.570834e-02 -6.053443e-01 1.414908e-02 -2.596364e-02 9.995627e-01 1.064659e+01
9.997864e-01 -1.212434e-02 -1.673079e-02 2.789382e-01 1.255139e-02 9.995921e-01 2.566027e-02 -6.738601e-01 1.641285e-02 -2.586478e-02 9.995306e-01 1.146999e+01
9.997259e-01 -1.277853e-02 -1.961349e-02 3.099371e-01 1.326916e-02 9.995972e-01 2.509231e-02 -7.092806e-01 1.928495e-02 -2.534569e-02 9.994926e-01 1.235565e+01
9.996477e-01 -1.462829e-02 -2.214185e-02 3.241602e-01 1.518947e-02 9.995623e-01 2.539266e-02 -7.402899e-01 2.176071e-02 -2.572004e-02 9.994323e-01 1.304300e+01
9.995506e-01 -1.581758e-02 -2.545936e-02 3.522849e-01 1.649326e-02 9.995115e-01 2.655228e-02 -7.705514e-01 2.502693e-02 -2.696026e-02 9.993231e-01 1.377820e+01
9.994882e-01 -1.535003e-02 -2.806593e-02 3.790811e-01 1.610814e-02 9.995061e-01 2.698802e-02 -7.843763e-01 2.763781e-02 -2.742630e-02 9.992416e-01 1.447189e+01
9.993989e-01 -1.426673e-02 -3.159631e-02 4.432842e-01 1.516639e-02 9.994811e-01 2.841951e-02 -8.117181e-01 3.117447e-02 -2.888162e-02 9.990965e-01 1.529917e+01
9.991995e-01 -1.549976e-02 -3.687934e-02 5.727197e-01 1.663498e-02 9.993910e-01 3.067702e-02 -8.381220e-01 3.638140e-02 -3.126594e-02 9.988487e-01 1.607476e+01
9.991144e-01 -1.684567e-02 -3.855719e-02 5.526033e-01 1.815790e-02 9.992589e-01 3.394018e-02 -8.895015e-01 3.795688e-02 -3.461023e-02 9.986798e-01 1.688730e+01
9.989071e-01 -1.910885e-02 -4.265453e-02 6.505471e-01 2.064082e-02 9.991469e-01 3.576901e-02 -9.030178e-01 4.193465e-02 -3.661033e-02 9.984493e-01 1.763298e+01
9.988011e-01 -2.175350e-02 -4.385272e-02 6.320799e-01 2.336290e-02 9.990595e-01 3.652802e-02 -9.026726e-01 4.301688e-02 -3.750874e-02 9.983699e-01 1.826303e+01
9.989120e-01 -2.238684e-02 -4.090796e-02 4.592054e-01 2.390301e-02 9.990309e-01 3.695780e-02 -9.170699e-01 4.004097e-02 -3.789540e-02 9.984791e-01 1.898828e+01
9.989413e-01 -2.276452e-02 -3.997426e-02 3.567461e-01 2.428966e-02 9.989790e-01 3.809127e-02 -9.301326e-01 3.906634e-02 -3.902189e-02 9.984744e-01 1.959658e+01
9.987896e-01 -2.199594e-02 -4.399384e-02 5.435891e-01 2.377052e-02 9.989076e-01 4.022903e-02 -9.119987e-01 4.306092e-02 -4.122607e-02 9.982215e-01 2.039725e+01
9.987000e-01 -2.209651e-02 -4.593440e-02 5.918260e-01 2.409923e-02 9.987620e-01 4.351314e-02 -9.230992e-01 4.491606e-02 -4.456354e-02 9.979963e-01 2.122503e+01
9.985721e-01 -2.271412e-02 -4.835157e-02 6.074899e-01 2.491376e-02 9.986586e-01 4.538687e-02 -9.050625e-01 4.725581e-02 -4.652666e-02 9.977986e-01 2.215091e+01
9.986220e-01 -2.259684e-02 -4.736575e-02 4.584172e-01 2.475817e-02 9.986550e-01 4.555207e-02 -9.099141e-01 4.627273e-02 -4.666197e-02 9.978384e-01 2.299855e+01
9.985518e-01 -2.207247e-02 -4.906328e-02 4.394386e-01 2.419948e-02 9.987736e-01 4.318976e-02 -8.913616e-01 4.804982e-02 -4.431449e-02 9.978614e-01 2.379293e+01
9.984715e-01 -2.213847e-02 -5.064131e-02 3.991257e-01 2.426086e-02 9.988359e-01 4.168679e-02 -8.727079e-01 4.965950e-02 -4.285165e-02 9.978465e-01 2.457686e+01
9.984691e-01 -2.209977e-02 -5.070559e-02 2.738992e-01 2.423692e-02 9.988264e-01 4.192800e-02 -8.826884e-01 4.971951e-02 -4.309274e-02 9.978331e-01 2.551625e+01
9.984036e-01 -2.260967e-02 -5.175940e-02 1.787139e-01 2.477568e-02 9.988270e-01 4.159573e-02 -8.653932e-01 5.075825e-02 -4.281168e-02 9.977929e-01 2.626968e+01
9.979690e-01 -2.207917e-02 -5.975362e-02 4.161863e-01 2.452852e-02 9.988752e-01 4.057266e-02 -8.364732e-01 5.879062e-02 -4.195590e-02 9.973882e-01 2.729671e+01
9.978620e-01 -2.193112e-02 -6.156699e-02 3.415326e-01 2.447327e-02 9.988654e-01 4.084495e-02 -8.347840e-01 6.060139e-02 -4.226435e-02 9.972669e-01 2.815948e+01
9.977570e-01 -2.219244e-02 -6.315436e-02 2.615718e-01 2.489368e-02 9.987940e-01 4.231150e-02 -8.314571e-01 6.213923e-02 -4.378871e-02 9.971065e-01 2.895555e+01
9.980308e-01 -2.335624e-02 -5.821650e-02 -1.002136e-01 2.603348e-02 9.986174e-01 4.566145e-02 -8.480001e-01 5.706955e-02 -4.708708e-02 9.972592e-01 2.933040e+01
9.978139e-01 -2.267855e-02 -6.207502e-02 -1.141312e-01 2.561858e-02 9.985667e-01 4.698367e-02 -8.146197e-01 6.092056e-02 -4.847120e-02 9.969651e-01 3.019449e+01
9.975763e-01 -2.151913e-02 -6.617036e-02 -9.329042e-02 2.467035e-02 9.985813e-01 4.718045e-02 -7.856557e-01 6.506124e-02 -4.869851e-02 9.966923e-01 3.090025e+01
9.972669e-01 -1.996805e-02 -7.113532e-02 -1.158362e-01 2.332744e-02 9.986356e-01 4.671194e-02 -7.785450e-01 7.010556e-02 -4.824363e-02 9.963723e-01 3.197959e+01
9.971096e-01 -1.927223e-02 -7.349350e-02 -1.945038e-01 2.272391e-02 9.986630e-01 4.642245e-02 -7.689007e-01 7.250062e-02 -4.795829e-02 9.962147e-01 3.255166e+01
9.967981e-01 -1.886827e-02 -7.770293e-02 -1.538140e-01 2.260389e-02 9.986160e-01 4.748010e-02 -7.414398e-01 7.669956e-02 -4.908442e-02 9.958454e-01 3.334821e+01
9.968328e-01 -1.811252e-02 -7.743733e-02 -3.182555e-01 2.198743e-02 9.985325e-01 4.948305e-02 -7.254312e-01 7.642747e-02 -5.102894e-02 9.957685e-01 3.405429e+01
9.967704e-01 -1.546679e-02 -7.880080e-02 -3.258169e-01 1.948760e-02 9.985328e-01 5.051421e-02 -7.211825e-01 7.790393e-02 -5.188669e-02 9.956098e-01 3.469711e+01
9.968652e-01 -1.283843e-02 -7.807110e-02 -3.903034e-01 1.672228e-02 9.986436e-01 4.929905e-02 -7.158329e-01 7.733233e-02 -5.045000e-02 9.957281e-01 3.545851e+01
9.969203e-01 -1.167982e-02 -7.754570e-02 -4.311711e-01 1.529813e-02 9.988132e-01 4.623145e-02 -6.934547e-01 7.691374e-02 -4.727536e-02 9.959163e-01 3.619273e+01
9.968969e-01 -1.156565e-02 -7.786357e-02 -4.004397e-01 1.507778e-02 9.988875e-01 4.467032e-02 -6.794224e-01 7.726035e-02 -4.570569e-02 9.959628e-01 3.692344e+01
9.969342e-01 -1.100713e-02 -7.746605e-02 -3.889798e-01 1.458130e-02 9.988472e-01 4.572509e-02 -6.639869e-01 7.687348e-02 -4.671444e-02 9.959459e-01 3.783365e+01
9.969677e-01 -6.461634e-03 -7.754719e-02 -3.562178e-01 1.028830e-02 9.987429e-01 4.904856e-02 -6.653908e-01 7.713282e-02 -4.969765e-02 9.957815e-01 3.870256e+01
9.970844e-01 -2.425023e-03 -7.626753e-02 -3.140010e-01 6.494177e-03 9.985649e-01 5.315082e-02 -6.576002e-01 7.602923e-02 -5.349114e-02 9.956698e-01 3.904313e+01
9.971837e-01 2.040179e-03 -7.497072e-02 -2.861271e-01 2.033976e-03 9.985261e-01 5.422651e-02 -6.384732e-01 7.497091e-02 -5.422626e-02 9.957103e-01 3.993058e+01
9.974137e-01 5.299444e-03 -7.167991e-02 -2.742803e-01 -1.375384e-03 9.985023e-01 5.468284e-02 -6.152060e-01 7.186240e-02 -5.444281e-02 9.959276e-01 4.054834e+01
9.978651e-01 8.443486e-03 -6.476124e-02 -4.199891e-01 -4.788899e-03 9.983973e-01 5.638032e-02 -5.658855e-01 6.513355e-02 -5.594981e-02 9.963068e-01 4.100431e+01
9.982493e-01 1.262117e-02 -5.778530e-02 -5.274226e-01 -9.245249e-03 9.982545e-01 5.832042e-02 -5.671828e-01 5.842056e-02 -5.768406e-02 9.966241e-01 4.172079e+01
9.986243e-01 1.403986e-02 -5.052250e-02 -6.161695e-01 -1.108407e-02 9.982360e-01 5.831571e-02 -5.469127e-01 5.125217e-02 -5.767547e-02 9.970189e-01 4.228379e+01
9.990144e-01 1.476095e-02 -4.186199e-02 -7.754085e-01 -1.225317e-02 9.981500e-01 5.954164e-02 -5.596415e-01 4.266349e-02 -5.897000e-02 9.973476e-01 4.252425e+01
9.993635e-01 1.548233e-02 -3.213686e-02 -1.012852e+00 -1.353694e-02 9.981124e-01 5.989267e-02 -5.583771e-01 3.300352e-02 -5.941951e-02 9.976873e-01 4.315912e+01
9.996481e-01 1.603688e-02 -2.113167e-02 -1.283119e+00 -1.478591e-02 9.982018e-01 5.807961e-02 -5.609859e-01 2.202512e-02 -5.774670e-02 9.980882e-01 4.352158e+01
9.998017e-01 1.581956e-02 -1.209474e-02 -1.449064e+00 -1.511037e-02 9.982801e-01 5.663237e-02 -5.973104e-01 1.296987e-02 -5.643836e-02 9.983217e-01 4.422389e+01
9.999067e-01 1.338861e-02 -2.679886e-03 -1.603863e+00 -1.321276e-02 9.982634e-01 5.739568e-02 -6.002531e-01 3.443701e-03 -5.735490e-02 9.983478e-01 4.446290e+01
9.999171e-01 1.154756e-02 5.678584e-03 -1.641484e+00 -1.186580e-02 9.981490e-01 5.963627e-02 -5.993372e-01 -4.979404e-03 -5.969870e-02 9.982039e-01 4.464283e+01
9.997923e-01 1.336390e-02 1.537772e-02 -1.732724e+00 -1.427820e-02 9.980368e-01 6.097032e-02 -5.829248e-01 -1.453272e-02 -6.117721e-02 9.980210e-01 4.501116e+01
9.994605e-01 1.671352e-02 2.826677e-02 -1.957005e+00 -1.836634e-02 9.980729e-01 5.926179e-02 -4.551314e-01 -2.722182e-02 -5.974896e-02 9.978421e-01 4.591796e+01
9.991476e-01 2.101024e-02 3.552856e-02 -1.849627e+00 -2.309295e-02 9.979745e-01 5.926527e-02 -4.495508e-01 -3.421142e-02 -6.003520e-02 9.976097e-01 4.606551e+01
9.987826e-01 2.406910e-02 4.305367e-02 -1.750369e+00 -2.661445e-02 9.978692e-01 5.955933e-02 -4.384233e-01 -4.152841e-02 -6.063266e-02 9.972957e-01 4.648513e+01
9.983265e-01 2.284067e-02 5.312366e-02 -1.759648e+00 -2.609519e-02 9.977714e-01 6.139950e-02 -4.771909e-01 -5.160289e-02 -6.268300e-02 9.966983e-01 4.674814e+01
9.977122e-01 2.071321e-02 6.434972e-02 -1.785374e+00 -2.462178e-02 9.978606e-01 6.055301e-02 -4.889827e-01 -6.295783e-02 -6.199887e-02 9.960884e-01 4.702929e+01
9.969653e-01 1.729769e-02 7.589702e-02 -1.784128e+00 -2.168774e-02 9.981146e-01 5.740502e-02 -4.975761e-01 -7.476099e-02 -5.887683e-02 9.954616e-01 4.708612e+01
9.960095e-01 1.728649e-02 8.755498e-02 -1.656035e+00 -2.217971e-02 9.982267e-01 5.522678e-02 -5.500425e-01 -8.644509e-02 -5.694832e-02 9.946274e-01 4.744971e+01
9.946692e-01 1.848390e-02 1.014455e-01 -1.519198e+00 -2.404535e-02 9.982573e-01 5.387614e-02 -5.430267e-01 -1.002730e-01 -5.602820e-02 9.933810e-01 4.764623e+01
9.930531e-01 2.012406e-02 1.159320e-01 -1.376663e+00 -2.643064e-02 9.982375e-01 5.312131e-02 -5.330354e-01 -1.146587e-01 -5.581641e-02 9.918354e-01 4.801408e+01
9.911692e-01 2.018305e-02 1.310575e-01 -1.219512e+00 -2.729044e-02 9.982386e-01 5.266356e-02 -5.256933e-01 -1.297638e-01 -5.577509e-02 9.899748e-01 4.828199e+01
9.885058e-01 1.837407e-02 1.500615e-01 -1.212227e+00 -2.650131e-02 9.982769e-01 5.234052e-02 -5.152190e-01 -1.488414e-01 -5.571570e-02 9.872901e-01 4.855651e+01
9.858689e-01 1.716807e-02 1.666358e-01 -9.566672e-01 -2.632043e-02 9.982536e-01 5.287230e-02 -5.035581e-01 -1.654372e-01 -5.651106e-02 9.845998e-01 4.872565e+01
9.824277e-01 1.725897e-02 1.858434e-01 -8.345870e-01 -2.747251e-02 9.982409e-01 5.252356e-02 -4.990715e-01 -1.846101e-01 -5.670616e-02 9.811745e-01 4.876541e+01
9.782497e-01 1.865562e-02 2.065895e-01 -7.193955e-01 -2.988902e-02 9.982306e-01 5.138854e-02 -4.965525e-01 -2.052654e-01 -5.644555e-02 9.770772e-01 4.905764e+01
9.733968e-01 1.895139e-02 2.283404e-01 -5.204598e-01 -3.136086e-02 9.982135e-01 5.084097e-02 -5.116516e-01 -2.269691e-01 -5.664935e-02 9.722528e-01 4.915231e+01
9.675619e-01 1.978248e-02 2.518582e-01 -3.185785e-01 -3.357864e-02 9.981537e-01 5.059778e-02 -5.013306e-01 -2.503924e-01 -5.741350e-02 9.664404e-01 4.933436e+01
9.607652e-01 2.165926e-02 2.765159e-01 -7.347420e-02 -3.736239e-02 9.979655e-01 5.164731e-02 -5.229245e-01 -2.748349e-01 -5.995219e-02 9.596204e-01 4.970723e+01
9.533685e-01 2.390603e-02 3.008601e-01 2.170643e-01 -4.125043e-02 9.978236e-01 5.142882e-02 -5.021799e-01 -2.989760e-01 -6.144119e-02 9.522804e-01 4.973417e+01
9.447709e-01 2.431698e-02 3.268278e-01 5.374362e-01 -4.341979e-02 9.977392e-01 5.128010e-02 -5.068278e-01 -3.248421e-01 -6.263870e-02 9.436914e-01 4.994582e+01
9.346087e-01 2.180662e-02 3.550083e-01 8.538439e-01 -4.256757e-02 9.978018e-01 5.077445e-02 -5.295370e-01 -3.531209e-01 -6.256604e-02 9.334830e-01 5.020275e+01
9.223953e-01 1.850109e-02 3.858038e-01 1.107917e+00 -4.058544e-02 9.979644e-01 4.917631e-02 -5.240545e-01 -3.841088e-01 -6.101797e-02 9.212691e-01 5.026876e+01
9.088058e-01 1.734223e-02 4.168586e-01 1.537594e+00 -4.016571e-02 9.981309e-01 4.604209e-02 -5.306224e-01 -4.152811e-01 -5.858669e-02 9.078043e-01 5.051720e+01
8.931885e-01 1.825969e-02 4.493114e-01 1.886535e+00 -4.182984e-02 9.982159e-01 4.258704e-02 -5.556253e-01 -4.477324e-01 -5.683284e-02 8.923593e-01 5.071993e+01
8.746093e-01 1.901948e-02 4.844551e-01 2.122754e+00 -4.373168e-02 9.982510e-01 3.976000e-02 -5.861852e-01 -4.828518e-01 -5.596045e-02 8.739119e-01 5.097143e+01
8.532353e-01 2.039450e-02 5.211271e-01 2.373367e+00 -4.686818e-02 9.981896e-01 3.767226e-02 -6.241822e-01 -5.194156e-01 -5.656753e-02 8.526471e-01 5.128052e+01
8.296301e-01 2.319360e-02 5.578313e-01 2.668044e+00 -5.268886e-02 9.979293e-01 3.686906e-02 -6.847125e-01 -5.558213e-01 -5.997913e-02 8.291348e-01 5.157246e+01
8.064150e-01 2.617386e-02 5.907705e-01 3.201115e+00 -5.834790e-02 9.976661e-01 3.544502e-02 -7.224481e-01 -5.884642e-01 -6.305356e-02 8.060605e-01 5.186522e+01
7.787889e-01 2.603290e-02 6.267456e-01 3.499814e+00 -6.084848e-02 9.975610e-01 3.417454e-02 -7.537099e-01 -6.243276e-01 -6.475122e-02 7.784740e-01 5.189878e+01
7.489036e-01 2.306882e-02 6.622772e-01 3.927191e+00 -6.062706e-02 9.975870e-01 3.380866e-02 -7.353175e-01 -6.598995e-01 -6.547131e-02 7.484955e-01 5.195975e+01
7.162563e-01 2.179976e-02 6.974965e-01 4.381994e+00 -6.141235e-02 9.976023e-01 3.188478e-02 -6.889846e-01 -6.951295e-01 -6.567254e-02 7.158781e-01 5.206657e+01
6.823267e-01 1.999108e-02 7.307739e-01 4.788326e+00 -6.297192e-02 9.975170e-01 3.150909e-02 -7.111276e-01 -7.283298e-01 -6.751769e-02 6.818917e-01 5.196054e+01
6.467694e-01 1.838454e-02 7.624639e-01 5.232834e+00 -6.421915e-02 9.974712e-01 3.042369e-02 -7.663919e-01 -7.599768e-01 -6.864186e-02 6.463147e-01 5.179286e+01
6.063042e-01 2.117951e-02 7.949507e-01 5.628506e+00 -7.079175e-02 9.971132e-01 2.742686e-02 -7.635050e-01 -7.920753e-01 -7.290494e-02 6.060535e-01 5.182435e+01
5.653237e-01 1.928598e-02 8.246437e-01 6.246389e+00 -7.870326e-02 9.964260e-01 3.065057e-02 -8.797861e-01 -8.211056e-01 -8.222961e-02 5.648212e-01 5.207552e+01
5.205505e-01 1.698236e-02 8.536620e-01 6.762640e+00 -8.456287e-02 9.959113e-01 3.175303e-02 -9.395507e-01 -8.496327e-01 -8.871713e-02 5.198583e-01 5.240611e+01
4.743614e-01 1.605169e-02 8.801839e-01 7.118935e+00 -9.074575e-02 9.953983e-01 3.075322e-02 -9.904175e-01 -8.756403e-01 -9.446106e-02 4.736352e-01 5.262005e+01
4.309056e-01 1.530260e-02 9.022673e-01 7.916220e+00 -9.331513e-02 9.952508e-01 2.768595e-02 -1.072892e+00 -8.975589e-01 -9.612520e-02 4.302872e-01 5.281460e+01
3.850852e-01 1.025620e-02 9.228241e-01 8.188831e+00 -8.638975e-02 9.959474e-01 2.498071e-02 -1.098627e+00 -9.188283e-01 -8.934222e-02 3.844106e-01 5.289365e+01
3.410721e-01 2.785114e-03 9.400331e-01 8.517572e+00 -7.685252e-02 9.967299e-01 2.493134e-02 -1.114621e+00 -9.368898e-01 -8.074728e-02 3.401709e-01 5.298755e+01
3.033238e-01 5.072057e-04 9.528875e-01 8.836356e+00 -6.980810e-02 9.973238e-01 2.169054e-02 -1.113829e+00 -9.503265e-01 -7.309850e-02 3.025475e-01 5.287587e+01
2.700573e-01 8.219270e-04 9.628440e-01 9.753942e+00 -6.587121e-02 9.976717e-01 1.762386e-02 -1.135853e+00 -9.605877e-01 -6.818313e-02 2.694828e-01 5.311132e+01
2.399063e-01 -6.942777e-06 9.707962e-01 9.916824e+00 -5.790482e-02 9.982186e-01 1.431681e-02 -1.138678e+00 -9.690670e-01 -5.964844e-02 2.394786e-01 5.294973e+01
2.118136e-01 -3.004471e-03 9.773056e-01 1.019962e+01 -5.161489e-02 9.985645e-01 1.425648e-02 -1.157723e+00 -9.759455e-01 -5.346322e-02 2.113545e-01 5.293640e+01
1.905927e-01 -6.014671e-03 9.816509e-01 1.081876e+01 -4.336105e-02 9.989529e-01 1.453950e-02 -1.161598e+00 -9.807104e-01 -4.533652e-02 1.901324e-01 5.295400e+01
1.733569e-01 -7.644221e-03 9.848295e-01 1.134661e+01 -3.951026e-02 9.991101e-01 1.471000e-02 -1.171381e+00 -9.840655e-01 -4.146094e-02 1.729007e-01 5.284406e+01
1.579568e-01 -6.154106e-03 9.874269e-01 1.179799e+01 -3.826773e-02 9.991904e-01 1.234908e-02 -1.171332e+00 -9.867035e-01 -3.973719e-02 1.575935e-01 5.285238e+01
1.442584e-01 -6.949680e-03 9.895157e-01 1.207100e+01 -3.880908e-02 9.991654e-01 1.267535e-02 -1.186840e+00 -9.887780e-01 -4.023071e-02 1.438684e-01 5.284275e+01
1.354511e-01 -6.684919e-03 9.907615e-01 1.298046e+01 -3.912179e-02 9.991605e-01 1.209013e-02 -1.248537e+00 -9.900106e-01 -4.039797e-02 1.350759e-01 5.283870e+01
1.256667e-01 -5.307955e-03 9.920583e-01 1.347620e+01 -3.454172e-02 9.993551e-01 9.722534e-03 -1.255062e+00 -9.914703e-01 -3.548918e-02 1.254024e-01 5.289850e+01
1.202990e-01 -3.796933e-03 9.927304e-01 1.396085e+01 -3.007797e-02 9.995189e-01 7.467789e-03 -1.240472e+00 -9.922813e-01 -3.075766e-02 1.201270e-01 5.286812e+01
1.157335e-01 -4.802031e-03 9.932687e-01 1.453170e+01 -2.983722e-02 9.995194e-01 8.308863e-03 -1.240082e+00 -9.928313e-01 -3.059796e-02 1.155347e-01 5.293484e+01
1.132756e-01 -8.073248e-03 9.935308e-01 1.546842e+01 -3.290210e-02 9.993873e-01 1.187215e-02 -1.301659e+00 -9.930180e-01 -3.403406e-02 1.129406e-01 5.300718e+01
1.110607e-01 -1.526320e-02 9.936964e-01 1.632247e+01 -3.565454e-02 9.991764e-01 1.933236e-02 -1.343802e+00 -9.931731e-01 -3.757684e-02 1.104251e-01 5.311292e+01
1.099655e-01 -2.093007e-02 9.937150e-01 1.642341e+01 -3.403842e-02 9.991117e-01 2.481051e-02 -1.273252e+00 -9.933517e-01 -3.655277e-02 1.091554e-01 5.308249e+01
1.108042e-01 -2.458555e-02 9.935382e-01 1.730213e+01 -3.142733e-02 9.991065e-01 2.822831e-02 -1.318798e+00 -9.933445e-01 -3.435205e-02 1.099326e-01 5.308964e+01
1.118166e-01 -2.298124e-02 9.934632e-01 1.794771e+01 -2.774953e-02 9.992697e-01 2.623888e-02 -1.308276e+00 -9.933407e-01 -3.050205e-02 1.110973e-01 5.309431e+01
1.133981e-01 -1.665380e-02 9.934101e-01 1.891333e+01 -2.694197e-02 9.994394e-01 1.983035e-02 -1.369080e+00 -9.931836e-01 -2.901312e-02 1.128859e-01 5.315625e+01
1.162442e-01 -9.052726e-03 9.931795e-01 1.962612e+01 -2.585667e-02 9.995911e-01 1.213754e-02 -1.364361e+00 -9.928833e-01 -2.709121e-02 1.159627e-01 5.320150e+01
1.185354e-01 -8.786039e-03 9.929110e-01 1.956244e+01 -2.465185e-02 9.996257e-01 1.178848e-02 -1.289234e+00 -9.926430e-01 -2.587443e-02 1.182745e-01 5.319834e+01
1.210485e-01 -1.394265e-02 9.925488e-01 2.028611e+01 -2.493495e-02 9.995422e-01 1.708193e-02 -1.322274e+00 -9.923326e-01 -2.681688e-02 1.206455e-01 5.328106e+01
1.245046e-01 -2.094412e-02 9.919981e-01 2.096901e+01 -2.459915e-02 9.994038e-01 2.418793e-02 -1.322061e+00 -9.919133e-01 -2.741380e-02 1.239152e-01 5.333685e+01
1.296735e-01 -2.379487e-02 9.912713e-01 2.249923e+01 -2.635931e-02 9.992750e-01 2.743525e-02 -1.459812e+00 -9.912055e-01 -2.968683e-02 1.289524e-01 5.338556e+01
1.335966e-01 -2.013237e-02 9.908314e-01 2.257191e+01 -1.782205e-02 9.995822e-01 2.271321e-02 -1.414767e+00 -9.908748e-01 -2.069303e-02 1.331820e-01 5.332853e+01
1.371936e-01 -1.542792e-02 9.904242e-01 2.328024e+01 -1.570946e-02 9.997181e-01 1.774881e-02 -1.423648e+00 -9.904189e-01 -1.799403e-02 1.369126e-01 5.342499e+01
1.404961e-01 -1.428874e-02 9.899782e-01 2.383694e+01 -2.070855e-02 9.996337e-01 1.736707e-02 -1.394577e+00 -9.898638e-01 -2.294100e-02 1.401488e-01 5.351146e+01
1.446645e-01 -1.803958e-02 9.893163e-01 2.486908e+01 -2.499387e-02 9.994472e-01 2.187911e-02 -1.450131e+00 -9.891642e-01 -2.789195e-02 1.441337e-01 5.364293e+01
1.511689e-01 -2.364287e-02 9.882252e-01 2.550520e+01 -2.013923e-02 9.994317e-01 2.699172e-02 -1.498784e+00 -9.883019e-01 -2.398238e-02 1.506069e-01 5.362242e+01
1.536600e-01 -2.301793e-02 9.878557e-01 2.517172e+01 -1.492076e-02 9.995595e-01 2.561159e-02 -1.381836e+00 -9.880103e-01 -1.867501e-02 1.532489e-01 5.363840e+01
1.561575e-01 -1.968128e-02 9.875361e-01 2.625807e+01 -1.437762e-02 9.996492e-01 2.219624e-02 -1.444596e+00 -9.876267e-01 -1.766451e-02 1.558198e-01 5.387087e+01
1.616478e-01 -1.928287e-02 9.866601e-01 2.719861e+01 -1.688472e-02 9.996076e-01 2.230223e-02 -1.496263e+00 -9.867032e-01 -2.026456e-02 1.612588e-01 5.393313e+01
1.666361e-01 -2.167837e-02 9.857801e-01 2.822070e+01 -1.752357e-02 9.995341e-01 2.494305e-02 -1.571434e+00 -9.858619e-01 -2.143078e-02 1.661787e-01 5.402206e+01
1.696812e-01 -2.539509e-02 9.851718e-01 2.847308e+01 -1.307684e-02 9.995207e-01 2.801730e-02 -1.520614e+00 -9.854114e-01 -1.763692e-02 1.692679e-01 5.407372e+01
1.734425e-01 -2.633259e-02 9.844919e-01 2.893215e+01 -7.037942e-03 9.995826e-01 2.797618e-02 -1.505489e+00 -9.848180e-01 -1.178103e-02 1.731848e-01 5.412243e+01
1.783829e-01 -2.758689e-02 9.835743e-01 3.011287e+01 -2.468854e-03 9.995900e-01 2.848389e-02 -1.584967e+00 -9.839572e-01 -7.509312e-03 1.782418e-01 5.424643e+01
1.819110e-01 -2.808515e-02 9.829139e-01 3.055100e+01 -1.571606e-03 9.995813e-01 2.885230e-02 -1.567740e+00 -9.833128e-01 -6.793275e-03 1.817908e-01 5.429329e+01
1.851420e-01 -3.042702e-02 9.822406e-01 3.110729e+01 7.597586e-04 9.995236e-01 3.081923e-02 -1.563434e+00 -9.827106e-01 -4.959641e-03 1.850770e-01 5.442418e+01
1.886797e-01 -3.215013e-02 9.815122e-01 3.182953e+01 2.877117e-03 9.994767e-01 3.218553e-02 -1.572456e+00 -9.820336e-01 -3.248804e-03 1.886736e-01 5.457554e+01
1.908564e-01 -3.231189e-02 9.810860e-01 3.286380e+01 1.276302e-03 9.994644e-01 3.266893e-02 -1.623019e+00 -9.816163e-01 -4.982885e-03 1.907956e-01 5.483641e+01
1.935893e-01 -3.032773e-02 9.806138e-01 3.348475e+01 -1.447468e-03 9.995112e-01 3.119797e-02 -1.608634e+00 -9.810807e-01 -7.458971e-03 1.934508e-01 5.499386e+01
1.941760e-01 -3.117124e-02 9.804713e-01 3.467735e+01 1.887988e-04 9.994952e-01 3.173870e-02 -1.671014e+00 -9.809658e-01 -5.977754e-03 1.940840e-01 5.535641e+01
1.975365e-01 -3.148564e-02 9.797897e-01 3.518813e+01 -1.294121e-03 9.994738e-01 3.237914e-02 -1.654056e+00 -9.802938e-01 -7.664000e-03 1.973919e-01 5.542765e+01
1.999568e-01 -3.089587e-02 9.793173e-01 3.588446e+01 -2.909784e-03 9.994785e-01 3.212609e-02 -1.643488e+00 -9.797994e-01 -9.273404e-03 1.997628e-01 5.557451e+01
2.040089e-01 -3.074868e-02 9.784859e-01 3.662073e+01 -5.331243e-03 9.994558e-01 3.251924e-02 -1.656092e+00 -9.789536e-01 -1.185073e-02 2.037341e-01 5.566656e+01
2.071826e-01 -2.873986e-02 9.778799e-01 3.723985e+01 -6.808036e-03 9.995008e-01 3.081775e-02 -1.647002e+00 -9.782776e-01 -1.304232e-02 2.068836e-01 5.580090e+01
2.116829e-01 -2.569904e-02 9.770004e-01 3.833330e+01 -7.203200e-03 9.995849e-01 2.785383e-02 -1.689936e+00 -9.773109e-01 -1.293368e-02 2.114100e-01 5.598084e+01
2.149934e-01 -2.304018e-02 9.763436e-01 3.856710e+01 -7.500633e-03 9.996521e-01 2.524193e-02 -1.632304e+00 -9.765857e-01 -1.275001e-02 2.147459e-01 5.601307e+01
2.187039e-01 -1.993724e-02 9.755875e-01 3.935784e+01 -1.313316e-02 9.996394e-01 2.337296e-02 -1.633354e+00 -9.757019e-01 -1.792427e-02 2.183633e-01 5.617494e+01
2.218824e-01 -2.001442e-02 9.748679e-01 4.006387e+01 -1.689855e-02 9.995591e-01 2.436754e-02 -1.628513e+00 -9.749260e-01 -2.188056e-02 2.214466e-01 5.631760e+01
2.239192e-01 -1.870776e-02 9.744280e-01 4.041371e+01 -1.612505e-02 9.996067e-01 2.289667e-02 -1.561110e+00 -9.744733e-01 -2.083968e-02 2.235296e-01 5.646186e+01
2.274399e-01 -1.661939e-02 9.736502e-01 4.112251e+01 -1.811147e-02 9.996081e-01 2.129327e-02 -1.534743e+00 -9.736227e-01 -2.247715e-02 2.270499e-01 5.663753e+01
2.330249e-01 -1.608382e-02 9.723377e-01 4.212443e+01 -2.057315e-02 9.995568e-01 2.146455e-02 -1.593127e+00 -9.722522e-01 -2.500580e-02 2.325908e-01 5.678764e+01
2.368285e-01 -1.801878e-02 9.713843e-01 4.277339e+01 -2.204537e-02 9.994699e-01 2.391458e-02 -1.584717e+00 -9.713004e-01 -2.707816e-02 2.363058e-01 5.693734e+01
2.406157e-01 -1.824705e-02 9.704489e-01 4.323503e+01 -2.227576e-02 9.994551e-01 2.431561e-02 -1.575657e+00 -9.703639e-01 -2.746818e-02 2.400782e-01 5.706436e+01
2.456458e-01 -1.424152e-02 9.692550e-01 4.389059e+01 -2.597660e-02 9.994352e-01 2.126846e-02 -1.573298e+00 -9.690105e-01 -3.040243e-02 2.451372e-01 5.723056e+01
2.511554e-01 -5.908374e-03 9.679286e-01 4.494046e+01 -2.795955e-02 9.995188e-01 1.335612e-02 -1.615231e+00 -9.675418e-01 -3.041729e-02 2.508695e-01 5.754628e+01
2.582010e-01 -6.673494e-04 9.660909e-01 4.527102e+01 -2.973442e-02 9.995194e-01 8.637419e-03 -1.575621e+00 -9.656324e-01 -3.095631e-02 2.580572e-01 5.762485e+01
2.653827e-01 1.509692e-03 9.641418e-01 4.666813e+01 -3.416249e-02 9.993845e-01 7.838489e-03 -1.705362e+00 -9.635367e-01 -3.501765e-02 2.652710e-01 5.804003e+01
2.721420e-01 -2.121495e-04 9.622568e-01 4.752176e+01 -3.909653e-02 9.991707e-01 1.127747e-02 -1.775717e+00 -9.614615e-01 -4.068996e-02 2.719081e-01 5.830456e+01
2.795096e-01 -1.640165e-03 9.601413e-01 4.822795e+01 -3.990687e-02 9.991135e-01 1.332420e-02 -1.778022e+00 -9.593121e-01 -4.204046e-02 2.791965e-01 5.849574e+01
2.868882e-01 -5.201401e-03 9.579498e-01 4.878822e+01 -4.021520e-02 9.990373e-01 1.746825e-02 -1.785356e+00 -9.571185e-01 -4.353556e-02 2.864030e-01 5.865683e+01
2.952020e-01 -1.074977e-02 9.553742e-01 4.961225e+01 -4.224050e-02 9.988111e-01 2.429050e-02 -1.823849e+00 -9.544996e-01 -4.752607e-02 2.943971e-01 5.885598e+01
3.043173e-01 -1.861142e-02 9.523887e-01 5.027099e+01 -4.416895e-02 9.984570e-01 3.362506e-02 -1.874548e+00 -9.515451e-01 -5.229868e-02 3.030259e-01 5.896268e+01
3.115197e-01 -2.125435e-02 9.500018e-01 5.120418e+01 -4.504575e-02 9.982945e-01 3.710602e-02 -1.899969e+00 -9.491704e-01 -5.435278e-02 3.100312e-01 5.927342e+01
3.192143e-01 -1.914799e-02 9.474888e-01 5.141690e+01 -4.505119e-02 9.983578e-01 3.535406e-02 -1.835043e+00 -9.466100e-01 -5.397102e-02 3.178277e-01 5.930874e+01
3.261298e-01 -1.402557e-02 9.452206e-01 5.251637e+01 -4.395825e-02 9.985822e-01 2.998434e-02 -1.910910e+00 -9.443013e-01 -5.132902e-02 3.250511e-01 5.960442e+01
3.313373e-01 -1.063281e-02 9.434521e-01 5.340513e+01 -4.549892e-02 9.985920e-01 2.723335e-02 -1.927297e+00 -9.424136e-01 -5.194947e-02 3.303872e-01 5.990180e+01
3.381777e-01 -8.746642e-03 9.410412e-01 5.426368e+01 -4.595692e-02 9.986092e-01 2.579708e-02 -1.981333e+00 -9.399584e-01 -5.197135e-02 3.373056e-01 6.009184e+01
3.424674e-01 -8.400659e-03 9.394917e-01 5.475958e+01 -4.848550e-02 9.984685e-01 2.660219e-02 -1.931289e+00 -9.382767e-01 -5.466211e-02 3.415359e-01 6.034161e+01
3.469169e-01 -1.252379e-02 9.378118e-01 5.529059e+01 -4.504298e-02 9.985335e-01 2.999710e-02 -1.935373e+00 -9.368125e-01 -5.264834e-02 3.458443e-01 6.051740e+01
3.511126e-01 -1.946899e-02 9.361304e-01 5.582545e+01 -4.398449e-02 9.983361e-01 3.725992e-02 -1.919995e+00 -9.352985e-01 -5.425764e-02 3.496723e-01 6.071249e+01
3.559175e-01 -2.658040e-02 9.341389e-01 5.683006e+01 -4.516683e-02 9.979369e-01 4.560486e-02 -1.994155e+00 -9.334241e-01 -5.842366e-02 3.539829e-01 6.100371e+01
3.600318e-01 -3.007175e-02 9.324548e-01 5.758618e+01 -4.872852e-02 9.975089e-01 5.098445e-02 -2.027593e+00 -9.316655e-01 -6.379317e-02 3.576698e-01 6.125425e+01
3.624936e-01 -3.024427e-02 9.314949e-01 5.799031e+01 -5.014756e-02 9.973913e-01 5.189892e-02 -1.998583e+00 -9.306350e-01 -6.552523e-02 3.600315e-01 6.146481e+01
3.640881e-01 -2.819650e-02 9.309371e-01 5.855180e+01 -5.160483e-02 9.973943e-01 5.039198e-02 -1.973239e+00 -9.299327e-01 -6.638797e-02 3.616845e-01 6.172538e+01
3.651958e-01 -2.371216e-02 9.306282e-01 5.923375e+01 -5.548440e-02 9.973429e-01 4.718518e-02 -1.959168e+00 -9.292747e-01 -6.886718e-02 3.629100e-01 6.203220e+01
3.687753e-01 -2.066745e-02 9.292882e-01 5.957904e+01 -5.623607e-02 9.974243e-01 4.449935e-02 -1.971944e+00 -9.278148e-01 -6.866980e-02 3.666635e-01 6.207124e+01
3.708353e-01 -1.569727e-02 9.285654e-01 6.020800e+01 -5.644265e-02 9.976269e-01 3.940592e-02 -1.962914e+00 -9.269808e-01 -6.702382e-02 3.690695e-01 6.231380e+01
3.709136e-01 -1.383841e-02 9.285637e-01 6.073637e+01 -5.598134e-02 9.977365e-01 3.723101e-02 -1.923647e+00 -9.269774e-01 -6.579174e-02 3.692996e-01 6.262693e+01
3.719940e-01 -1.432982e-02 9.281240e-01 6.190665e+01 -5.830286e-02 9.975449e-01 3.876960e-02 -1.990705e+00 -9.264011e-01 -6.853435e-02 3.702455e-01 6.310515e+01
3.751112e-01 -1.766074e-02 9.268110e-01 6.196140e+01 -5.826638e-02 9.973913e-01 4.258805e-02 -1.969205e+00 -9.251456e-01 -6.997719e-02 3.731038e-01 6.295814e+01
3.771264e-01 -1.995607e-02 9.259463e-01 6.279269e+01 -5.892504e-02 9.972243e-01 4.549175e-02 -1.974961e+00 -9.242842e-01 -7.171758e-02 3.749040e-01 6.317493e+01
3.767536e-01 -2.253660e-02 9.260389e-01 6.298545e+01 -5.703816e-02 9.972416e-01 4.747513e-02 -1.961094e+00 -9.245545e-01 -7.070599e-02 3.744292e-01 6.330813e+01
3.749036e-01 -2.256470e-02 9.267887e-01 6.390537e+01 -5.909489e-02 9.970879e-01 4.818135e-02 -1.961523e+00 -9.251771e-01 -7.283185e-02 3.724787e-01 6.369483e+01
3.732474e-01 -2.200627e-02 9.274704e-01 6.421368e+01 -6.137723e-02 9.969416e-01 4.835509e-02 -1.959856e+00 -9.256980e-01 -7.497399e-02 3.707555e-01 6.383622e+01
3.711496e-01 -2.000983e-02 9.283571e-01 6.513106e+01 -6.239175e-02 9.969701e-01 4.643250e-02 -2.018467e+00 -9.264733e-01 -7.515523e-02 3.687769e-01 6.419046e+01
3.692040e-01 -1.791354e-02 9.291753e-01 6.538062e+01 -6.071399e-02 9.972124e-01 4.334975e-02 -2.042133e+00 -9.273617e-01 -7.241885e-02 3.670876e-01 6.425768e+01
3.677976e-01 -1.823686e-02 9.297266e-01 6.628161e+01 -5.906052e-02 9.973300e-01 4.292719e-02 -2.082428e+00 -9.280272e-01 -7.069866e-02 3.657389e-01 6.455999e+01
3.668279e-01 -1.955438e-02 9.300829e-01 6.697108e+01 -6.028420e-02 9.971770e-01 4.474135e-02 -2.112381e+00 -9.283323e-01 -7.248169e-02 3.646139e-01 6.473099e+01
3.638326e-01 -2.250666e-02 9.311920e-01 6.740204e+01 -6.150886e-02 9.969444e-01 4.812850e-02 -2.107825e+00 -9.294301e-01 -7.478730e-02 3.613369e-01 6.491642e+01
3.622400e-01 -2.803675e-02 9.316627e-01 6.794704e+01 -5.926464e-02 9.968311e-01 5.304065e-02 -2.131420e+00 -9.301977e-01 -7.442813e-02 3.594308e-01 6.507662e+01
3.601618e-01 -3.023831e-02 9.323993e-01 6.832222e+01 -5.599498e-02 9.969707e-01 5.396189e-02 -2.128305e+00 -9.312066e-01 -7.164471e-02 3.573779e-01 6.516612e+01
3.586661e-01 -3.021995e-02 9.329762e-01 6.887629e+01 -5.176296e-02 9.972931e-01 5.220265e-02 -2.133332e+00 -9.320284e-01 -6.701695e-02 3.561312e-01 6.534012e+01
3.565075e-01 -2.960152e-02 9.338230e-01 6.939906e+01 -4.746919e-02 9.976321e-01 4.974669e-02 -2.130431e+00 -9.330846e-01 -6.206290e-02 3.542584e-01 6.548943e+01
3.548256e-01 -2.775226e-02 9.345201e-01 6.988242e+01 -4.837810e-02 9.976742e-01 4.799636e-02 -2.112561e+00 -9.336788e-01 -6.224065e-02 3.526581e-01 6.566660e+01
3.544287e-01 -2.572428e-02 9.347287e-01 7.032495e+01 -4.847986e-02 9.977705e-01 4.584179e-02 -2.109236e+00 -9.338242e-01 -6.156318e-02 3.523918e-01 6.575812e+01
3.533655e-01 -2.766464e-02 9.350758e-01 7.086319e+01 -4.724452e-02 9.977583e-01 4.737293e-02 -2.106640e+00 -9.342903e-01 -6.091719e-02 3.512668e-01 6.592545e+01
3.536174e-01 -3.067490e-02 9.348867e-01 7.147240e+01 -4.134849e-02 9.979715e-01 4.838478e-02 -2.121060e+00 -9.344746e-01 -5.576587e-02 3.516321e-01 6.613198e+01
3.557669e-01 -3.328030e-02 9.339817e-01 7.190537e+01 -3.652222e-02 9.981062e-01 4.947713e-02 -2.106070e+00 -9.338596e-01 -5.171343e-02 3.538781e-01 6.622268e+01
3.577543e-01 -3.481638e-02 9.331661e-01 7.225719e+01 -3.339441e-02 9.981874e-01 5.004504e-02 -2.102925e+00 -9.332172e-01 -4.906639e-02 3.559437e-01 6.628246e+01
3.613777e-01 -3.473800e-02 9.317719e-01 7.286007e+01 -3.582760e-02 9.980494e-01 5.110435e-02 -2.098983e+00 -9.317297e-01 -5.185114e-02 3.594287e-01 6.650499e+01
3.657604e-01 -3.345356e-02 9.301074e-01 7.355037e+01 -3.728741e-02 9.980236e-01 5.055951e-02 -2.073466e+00 -9.299607e-01 -5.317398e-02 3.637906e-01 6.684673e+01
3.727034e-01 -3.540280e-02 9.272746e-01 7.394488e+01 -3.501920e-02 9.980224e-01 5.217940e-02 -2.081586e+00 -9.272884e-01 -5.191987e-02 3.707270e-01 6.691208e+01
3.788503e-01 -3.369981e-02 9.248438e-01 7.477072e+01 -3.728130e-02 9.979687e-01 5.163622e-02 -2.026318e+00 -9.247056e-01 -5.404180e-02 3.768248e-01 6.738277e+01
3.864400e-01 -3.639711e-02 9.215958e-01 7.499776e+01 -3.537618e-02 9.978997e-01 5.424449e-02 -2.013361e+00 -9.216348e-01 -5.356479e-02 3.843412e-01 6.744157e+01
3.954841e-01 -3.704682e-02 9.177251e-01 7.550031e+01 -3.730267e-02 9.977128e-01 5.635103e-02 -2.032422e+00 -9.177139e-01 -5.651955e-02 3.931980e-01 6.762807e+01
4.044527e-01 -3.739242e-02 9.137939e-01 7.591627e+01 -3.717846e-02 9.976646e-01 5.727996e-02 -2.011919e+00 -9.138018e-01 -5.714050e-02 4.021183e-01 6.781802e+01
4.147572e-01 -3.388687e-02 9.093006e-01 7.652302e+01 -4.000326e-02 9.976599e-01 5.542642e-02 -2.017409e+00 -9.090513e-01 -5.936351e-02 4.124315e-01 6.804210e+01
4.242955e-01 -3.220250e-02 9.049507e-01 7.686520e+01 -4.119432e-02 9.976452e-01 5.481547e-02 -2.011693e+00 -9.045852e-01 -6.053681e-02 4.219702e-01 6.815645e+01
4.348083e-01 -2.996438e-02 9.000241e-01 7.820067e+01 -4.296768e-02 9.976164e-01 5.397158e-02 -2.028297e+00 -8.994963e-01 -6.213926e-02 4.324848e-01 6.890101e+01
4.440905e-01 -2.849841e-02 8.955283e-01 7.844794e+01 -4.327658e-02 9.976439e-01 5.320887e-02 -2.000421e+00 -8.949351e-01 -6.238497e-02 4.418113e-01 6.896668e+01
4.530877e-01 -2.719714e-02 8.910506e-01 7.915266e+01 -4.543500e-02 9.975297e-01 5.355034e-02 -1.975554e+00 -8.903062e-01 -6.474791e-02 4.507332e-01 6.939071e+01
4.627368e-01 -2.706625e-02 8.860821e-01 7.960349e+01 -4.462671e-02 9.975540e-01 5.377666e-02 -1.949384e+00 -8.853706e-01 -6.442738e-02 4.603976e-01 6.961181e+01
4.728979e-01 -2.559960e-02 8.807449e-01 8.035840e+01 -4.747644e-02 9.973841e-01 5.448139e-02 -1.931529e+00 -8.798361e-01 -6.757878e-02 4.704461e-01 7.001402e+01
4.831958e-01 -3.080476e-02 8.749698e-01 8.118569e+01 -4.495864e-02 9.971880e-01 5.993580e-02 -1.906580e+00 -8.743562e-01 -6.829820e-02 4.804526e-01 7.046150e+01
4.924633e-01 -3.795308e-02 8.695049e-01 8.129727e+01 -3.992663e-02 9.970104e-01 6.613199e-02 -1.855763e+00 -8.694158e-01 -6.728400e-02 4.894763e-01 7.047954e+01
5.018499e-01 -4.245837e-02 8.639116e-01 8.195541e+01 -3.714978e-02 9.968134e-01 7.057060e-02 -1.828778e+00 -8.641554e-01 -6.751000e-02 4.986740e-01 7.090874e+01
5.113160e-01 -4.600923e-02 8.581598e-01 8.307088e+01 -3.554791e-02 9.965776e-01 7.461086e-02 -1.795673e+00 -8.586561e-01 -6.865555e-02 5.079312e-01 7.163516e+01
5.197910e-01 -4.980264e-02 8.528401e-01 8.346397e+01 -2.782064e-02 9.967816e-01 7.516455e-02 -1.749626e+00 -8.538392e-01 -6.279644e-02 5.167333e-01 7.181721e+01
5.273114e-01 -5.656907e-02 8.477864e-01 8.410970e+01 -1.878002e-02 9.967602e-01 7.819042e-02 -1.674398e+00 -8.494633e-01 -5.715217e-02 5.245414e-01 7.218606e+01
5.320269e-01 -6.654203e-02 8.441083e-01 8.441705e+01 -9.457728e-03 9.963767e-01 8.450664e-02 -1.623682e+00 -8.466735e-01 -5.294317e-02 5.294706e-01 7.240620e+01
5.385188e-01 -7.258184e-02 8.394811e-01 8.500661e+01 -1.579333e-03 9.961931e-01 8.714440e-02 -1.569110e+00 -8.426108e-01 -4.825474e-02 5.363548e-01 7.272629e+01
5.441912e-01 -7.270864e-02 8.358040e-01 8.536729e+01 -1.301082e-04 9.962288e-01 8.674917e-02 -1.550747e+00 -8.389600e-01 -4.731691e-02 5.421303e-01 7.300854e+01
5.515205e-01 -6.875008e-02 8.313228e-01 8.702671e+01 4.051449e-03 9.968055e-01 7.974766e-02 -1.545559e+00 -8.341503e-01 -4.061443e-02 5.500379e-01 7.414553e+01
5.576071e-01 -6.613269e-02 8.274659e-01 8.714986e+01 9.950820e-03 9.972810e-01 7.299910e-02 -1.466810e+00 -8.300442e-01 -3.247087e-02 5.567498e-01 7.422373e+01
5.626907e-01 -6.498794e-02 8.241084e-01 8.771447e+01 9.776921e-03 9.973572e-01 7.197458e-02 -1.442340e+00 -8.266085e-01 -3.244219e-02 5.618397e-01 7.462569e+01
5.669773e-01 -6.251477e-02 8.213573e-01 8.805780e+01 3.754857e-03 9.973005e-01 7.331419e-02 -1.386211e+00 -8.237237e-01 -3.848341e-02 5.656821e-01 7.492160e+01
5.710899e-01 -5.886995e-02 8.187733e-01 8.916336e+01 -1.532734e-03 9.973456e-01 7.277847e-02 -1.386599e+00 -8.208849e-01 -4.281802e-02 5.694844e-01 7.572582e+01
5.756770e-01 -5.724468e-02 8.156702e-01 8.979239e+01 6.881476e-04 9.975786e-01 6.952561e-02 -1.330459e+00 -8.176757e-01 -3.946301e-02 5.743232e-01 7.612944e+01
5.787870e-01 -5.298519e-02 8.137549e-01 9.060825e+01 -2.190705e-03 9.977809e-01 6.652571e-02 -1.293009e+00 -8.154746e-01 -4.028692e-02 5.773873e-01 7.682665e+01
5.815538e-01 -5.027285e-02 8.119525e-01 9.126945e+01 -4.632066e-03 9.978665e-01 6.510165e-02 -1.279872e+00 -8.134935e-01 -4.162114e-02 5.800809e-01 7.738842e+01
5.845300e-01 -5.178459e-02 8.097173e-01 9.168976e+01 -5.579023e-03 9.976796e-01 6.783306e-02 -1.255980e+00 -8.113517e-01 -4.416790e-02 5.828855e-01 7.772676e+01
5.882046e-01 -5.491724e-02 8.068448e-01 9.235130e+01 -4.318465e-03 9.974626e-01 7.103982e-02 -1.232889e+00 -8.086994e-01 -4.527029e-02 5.864757e-01 7.820374e+01
5.916822e-01 -5.798943e-02 8.040823e-01 9.265409e+01 -3.199530e-03 9.972312e-01 7.427355e-02 -1.190937e+00 -8.061637e-01 -4.651904e-02 5.898593e-01 7.838883e+01
5.945961e-01 -5.908952e-02 8.018497e-01 9.321938e+01 -3.460568e-03 9.970970e-01 7.604378e-02 -1.165431e+00 -8.040158e-01 -4.799021e-02 5.926663e-01 7.885316e+01
5.983024e-01 -5.749444e-02 7.992043e-01 9.406556e+01 -5.227362e-03 9.971195e-01 7.564577e-02 -1.156490e+00 -8.012520e-01 -4.943680e-02 5.962793e-01 7.944340e+01
6.011260e-01 -5.743543e-02 7.970870e-01 9.458932e+01 -4.027346e-03 9.971821e-01 7.489093e-02 -1.132781e+00 -7.991428e-01 -4.822905e-02 5.992016e-01 7.978651e+01
6.027480e-01 -5.998631e-02 7.956730e-01 9.516142e+01 -1.711985e-03 9.970691e-01 7.646666e-02 -1.114886e+00 -7.979286e-01 -4.745232e-02 6.008794e-01 8.023873e+01
6.047165e-01 -6.170316e-02 7.940464e-01 9.581325e+01 1.412771e-04 9.970012e-01 7.736670e-02 -1.115314e+00 -7.964396e-01 -4.667276e-02 6.029125e-01 8.063795e+01
6.070064e-01 -6.152290e-02 7.923113e-01 9.625958e+01 -1.239535e-03 9.969228e-01 7.836067e-02 -1.092262e+00 -7.946948e-01 -4.854754e-02 6.050630e-01 8.089386e+01
6.094548e-01 -6.315722e-02 7.903005e-01 9.679778e+01 1.225971e-03 9.968944e-01 7.872190e-02 -1.072607e+00 -7.928186e-01 -4.700858e-02 6.076403e-01 8.120872e+01
6.110962e-01 -6.139636e-02 7.891710e-01 9.716444e+01 1.008796e-03 9.970455e-01 7.678761e-02 -1.017390e+00 -7.915545e-01 -4.612852e-02 6.093534e-01 8.157605e+01
6.126075e-01 -6.289233e-02 7.878805e-01 9.759331e+01 5.546843e-03 9.971452e-01 7.528402e-02 -9.847285e-01 -7.903666e-01 -4.174932e-02 6.112083e-01 8.197460e+01
6.154004e-01 -6.433930e-02 7.855837e-01 9.850001e+01 7.507812e-03 9.970948e-01 7.578076e-02 -9.941701e-01 -7.881776e-01 -4.073752e-02 6.140964e-01 8.262433e+01
6.171802e-01 -6.780337e-02 7.838944e-01 9.904415e+01 1.242848e-02 9.969944e-01 7.645039e-02 -9.876825e-01 -7.867224e-01 -3.744107e-02 6.161687e-01 8.314310e+01
6.197280e-01 -7.054394e-02 7.816392e-01 9.951221e+01 1.560689e-02 9.968614e-01 7.759408e-02 -1.014243e+00 -7.846602e-01 -3.588828e-02 6.188847e-01 8.353362e+01
