1.000000e+00 0.000000e+00 0.000000e+00 0.000000e+00 0.000000e+00 1.000000e+00 0.000000e+00 0.000000e+00 0.000000e+00 0.000000e+00 1.000000e+00 0.000000e+00
9.999975e-01 6.732843e-04 2.134970e-03 -1.456147e-01 -6.807555e-04 9.999936e-01 3.500652e-03 -1.223281e-01 -2.132600e-03 -3.502097e-03 9.999916e-01 1.324311e+00
9.999996e-01 3.761148e-04 8.196215e-04 -1.083307e-01 -3.794544e-04 9.999915e-01 4.078116e-03 -2.514447e-01 -8.180809e-04 -4.078426e-03 9.999914e-01 3.403544e+00
9.999979e-01 -7.244626e-04 1.900013e-03 -1.456222e-01 7.180950e-04 9.999940e-01 3.349864e-03 -2.594432e-01 -1.902429e-03 -3.348493e-03 9.999926e-01 4.165948e+00
9.999986e-01 -2.476261e-04 1.679112e-03 -7.672475e-02 2.404087e-04 9.999907e-01 4.297242e-03 -3.528703e-01 -1.680161e-03 -4.296832e-03 9.999894e-01 5.529319e+00
9.999978e-01 -5.023932e-06 2.106316e-03 -2.665274e-02 -7.370720e-06 9.999827e-01 5.884537e-03 -4.129205e-01 -2.106309e-03 -5.884539e-03 9.999805e-01 6.345130e+00
9.999952e-01 -1.312506e-03 2.814406e-03 -7.442917e-02 1.291815e-03 9.999722e-01 7.341151e-03 -4.305279e-01 -2.823963e-03 -7.337481e-03 9.999691e-01 7.503066e+00
9.999977e-01 -4.571840e-04 2.135463e-03 -3.593814e-02 4.392216e-04 9.999645e-01 8.404559e-03 -4.959045e-01 -2.139230e-03 -8.403602e-03 9.999624e-01 8.920072e+00
9.999885e-01 6.531170e-04 4.761788e-03 -2.391545e-01 -6.888929e-04 9.999714e-01 7.515439e-03 -5.478179e-01 -4.756744e-03 -7.518633e-03 9.999605e-01 9.957152e+00
9.999816e-01 3.333950e-03 5.061010e-03 -2.475399e-01 -3.362294e-03 9.999785e-01 5.602547e-03 -5.800109e-01 -5.042224e-03 -5.619461e-03 9.999716e-01 1.129755e+01
9.999574e-01 7.085923e-03 5.922484e-03 -2.591242e-01 -7.119759e-03 9.999582e-01 5.711909e-03 -6.030414e-01 -5.881763e-03 -5.753832e-03 9.999663e-01 1.229498e+01
9.999667e-01 5.738661e-03 5.800236e-03 -2.374929e-01 -5.776446e-03 9.999619e-01 6.519013e-03 -5.906325e-01 -5.762606e-03 -6.552300e-03 9.999620e-01 1.323711e+01
9.999623e-01 6.024906e-03 6.255446e-03 -2.343286e-01 -6.074325e-03 9.999501e-01 7.911602e-03 -6.046218e-01 -6.207470e-03 -7.949302e-03 9.999493e-01 1.435671e+01
9.999766e-01 3.051202e-03 6.134165e-03 -1.364989e-01 -3.117402e-03 9.999365e-01 1.081155e-02 -5.952021e-01 -6.100790e-03 -1.083042e-02 9.999228e-01 1.542645e+01
9.999808e-01 -2.109904e-03 5.837461e-03 -2.214624e-02 2.033530e-03 9.999124e-01 1.305824e-02 -6.129146e-01 -5.864505e-03 -1.304612e-02 9.998978e-01 1.647906e+01
9.999861e-01 -2.531178e-03 4.630883e-03 9.610640e-02 2.479093e-03 9.999337e-01 1.121840e-02 -6.787259e-01 -4.658975e-03 -1.120676e-02 9.999264e-01 1.793904e+01
9.999779e-01 -2.098480e-03 6.323311e-03 9.459655e-02 2.040841e-03 9.999561e-01 9.107849e-03 -6.443766e-01 -6.342149e-03 -9.094743e-03 9.999386e-01 1.853248e+01
9.999661e-01 2.875316e-03 7.719281e-03 9.620691e-02 -2.938680e-03 9.999617e-01 8.209828e-03 -7.491786e-01 -7.695383e-03 -8.232235e-03 9.999366e-01 1.986025e+01
9.998876e-01 9.599495e-03 1.152405e-02 -6.059281e-02 -9.731284e-03 9.998870e-01 1.143523e-02 -8.935630e-01 -1.141298e-02 -1.154609e-02 9.998683e-01 2.071555e+01
9.998391e-01 1.198931e-02 1.334668e-02 -9.756134e-02 -1.219745e-02 9.998032e-01 1.562427e-02 -9.711406e-01 -1.315674e-02 -1.578456e-02 9.997889e-01 2.192065e+01
9.998652e-01 9.299286e-03 1.353214e-02 9.541421e-02 -9.536413e-03 9.998000e-01 1.756592e-02 -9.209450e-01 -1.336609e-02 -1.769260e-02 9.997542e-01 2.245207e+01
9.998975e-01 2.516430e-03 1.409011e-02 2.953545e-02 -2.747990e-03 9.998609e-01 1.643920e-02 -9.329211e-01 -1.404679e-02 -1.647625e-02 9.997657e-01 2.376691e+01
9.999046e-01 2.973986e-03 1.348125e-02 1.368215e-01 -3.169764e-03 9.998893e-01 1.452435e-02 -9.655081e-01 -1.343657e-02 -1.456571e-02 9.998037e-01 2.492852e+01
9.998968e-01 3.468711e-03 1.393582e-02 3.491840e-01 -3.649023e-03 9.999095e-01 1.293437e-02 -9.701663e-01 -1.388970e-02 -1.298390e-02 9.998193e-01 2.554549e+01
9.998510e-01 6.675843e-03 1.590996e-02 2.838032e-01 -6.876850e-03 9.998966e-01 1.261318e-02 -1.004793e+00 -1.582412e-02 -1.272071e-02 9.997939e-01 2.684749e+01
9.998319e-01 6.650128e-03 1.708343e-02 3.336736e-01 -6.834068e-03 9.999189e-01 1.073157e-02 -9.860024e-01 -1.701068e-02 -1.084653e-02 9.997965e-01 2.776576e+01
9.997765e-01 7.829704e-03 1.963664e-02 1.828161e-01 -8.061160e-03 9.998984e-01 1.173577e-02 -1.019536e+00 -1.954276e-02 -1.189145e-02 9.997383e-01 2.886535e+01
9.997265e-01 9.363292e-03 2.142929e-02 4.732417e-02 -9.652607e-03 9.998629e-01 1.343765e-02 -1.096902e+00 -2.130054e-02 -1.364083e-02 9.996801e-01 3.029162e+01
9.996928e-01 1.224209e-02 2.154641e-02 1.485879e-01 -1.257227e-02 9.998044e-01 1.525583e-02 -1.120456e+00 -2.135544e-02 -1.552204e-02 9.996515e-01 3.097102e+01
9.996384e-01 1.548522e-02 2.198030e-02 1.982893e-01 -1.583179e-02 9.997515e-01 1.568217e-02 -1.128834e+00 -2.173200e-02 -1.602450e-02 9.996355e-01 3.211496e+01
9.995537e-01 1.919128e-02 2.288922e-02 2.492604e-01 -1.955221e-02 9.996862e-01 1.565059e-02 -1.161859e+00 -2.258169e-02 -1.609116e-02 9.996156e-01 3.316805e+01
9.994906e-01 2.267897e-02 2.245176e-02 3.730000e-01 -2.304140e-02 9.996060e-01 1.601784e-02 -1.169276e+00 -2.207965e-02 -1.652702e-02 9.996196e-01 3.440194e+01
9.994273e-01 2.414628e-02 2.370226e-02 3.100564e-01 -2.453908e-02 9.995638e-01 1.642368e-02 -1.200960e+00 -2.329536e-02 -1.699592e-02 9.995841e-01 3.543152e+01
9.994264e-01 2.339431e-02 2.448049e-02 2.560658e-01 -2.380828e-02 9.995759e-01 1.675746e-02 -1.225945e+00 -2.407809e-02 -1.733071e-02 9.995598e-01 3.657937e+01
9.994350e-01 2.352656e-02 2.399914e-02 3.510730e-01 -2.392337e-02 9.995794e-01 1.638322e-02 -1.220254e+00 -2.360361e-02 -1.694812e-02 9.995776e-01 3.760719e+01
9.994385e-01 2.389836e-02 2.347966e-02 4.625962e-01 -2.429641e-02 9.995632e-01 1.681649e-02 -1.209300e+00 -2.306753e-02 -1.737754e-02 9.995828e-01 3.835053e+01
9.994174e-01 2.420727e-02 2.405909e-02 3.101467e-01 -2.465081e-02 9.995282e-01 1.831306e-02 -1.249720e+00 -2.360444e-02 -1.889548e-02 9.995427e-01 3.998526e+01
9.993573e-01 2.540332e-02 2.529034e-02 2.549762e-01 -2.588733e-02 9.994842e-01 1.899833e-02 -1.280805e+00 -2.479468e-02 -1.964084e-02 9.994995e-01 4.093276e+01
9.993301e-01 2.686945e-02 2.484427e-02 2.952092e-01 -2.737092e-02 9.994237e-01 2.006988e-02 -1.341911e+00 -2.429069e-02 -2.073646e-02 9.994898e-01 4.200747e+01
9.992862e-01 2.865186e-02 2.461969e-02 4.277762e-01 -2.918636e-02 9.993397e-01 2.163243e-02 -1.369537e+00 -2.398364e-02 -2.233556e-02 9.994628e-01 4.247401e+01
9.992871e-01 2.829364e-02 2.499276e-02 3.786668e-01 -2.887276e-02 9.993154e-01 2.312270e-02 -1.411994e+00 -2.432144e-02 -2.382784e-02 9.994202e-01 4.377147e+01
9.993408e-01 2.741982e-02 2.379273e-02 5.258687e-01 -2.798867e-02 9.993219e-01 2.391433e-02 -1.471798e+00 -2.312088e-02 -2.456450e-02 9.994308e-01 4.509721e+01
9.994845e-01 2.410145e-02 2.120629e-02 9.414256e-01 -2.460538e-02 9.994129e-01 2.383219e-02 -1.445793e+00 -2.061945e-02 -2.434171e-02 9.994910e-01 4.529643e+01
9.995244e-01 2.213772e-02 2.146648e-02 1.043760e+00 -2.266317e-02 9.994414e-01 2.455154e-02 -1.438818e+00 -2.091099e-02 -2.502638e-02 9.994681e-01 4.598044e+01
9.995828e-01 1.976709e-02 2.105462e-02 1.214128e+00 -2.030843e-02 9.994603e-01 2.581547e-02 -1.463091e+00 -2.053296e-02 -2.623230e-02 9.994450e-01 4.696000e+01
9.995268e-01 1.936759e-02 2.389268e-02 9.863304e-01 -2.001088e-02 9.994354e-01 2.698550e-02 -1.509442e+00 -2.335655e-02 -2.745087e-02 9.993502e-01 4.833199e+01
9.995403e-01 1.787578e-02 2.448581e-02 1.102771e+00 -1.854362e-02 9.994544e-01 2.732466e-02 -1.549042e+00 -2.398400e-02 -2.776616e-02 9.993266e-01 4.906650e+01
9.994123e-01 1.680689e-02 2.987257e-02 7.259382e-01 -1.758881e-02 9.995041e-01 2.610795e-02 -1.454864e+00 -2.941898e-02 -2.661804e-02 9.992126e-01 4.930025e+01
9.993613e-01 1.859304e-02 3.051311e-02 7.836795e-01 -1.941034e-02 9.994544e-01 2.671123e-02 -1.577720e+00 -2.999983e-02 -2.728645e-02 9.991773e-01 5.063921e+01
9.992952e-01 2.072413e-02 3.129511e-02 7.804244e-01 -2.157466e-02 9.993999e-01 2.708877e-02 -1.660726e+00 -3.071495e-02 -2.774487e-02 9.991429e-01 5.240747e+01
9.992114e-01 2.292164e-02 3.241549e-02 8.603991e-01 -2.385894e-02 9.992992e-01 2.883005e-02 -1.646316e+00 -3.173195e-02 -2.958073e-02 9.990585e-01 5.265588e+01
9.990442e-01 2.662325e-02 3.466193e-02 8.043141e-01 -2.769360e-02 9.991423e-01 3.077476e-02 -1.699531e+00 -3.381289e-02 -3.170528e-02 9.989250e-01 5.352935e+01
9.988536e-01 3.058662e-02 3.681850e-02 7.421569e-01 -3.174940e-02 9.990014e-01 3.142229e-02 -1.685966e+00 -3.582065e-02 -3.255525e-02 9.988277e-01 5.408677e+01
9.986981e-01 3.403909e-02 3.798889e-02 7.842365e-01 -3.524467e-02 9.988809e-01 3.152981e-02 -1.676774e+00 -3.687315e-02 -3.282768e-02 9.987804e-01 5.484912e+01
9.984357e-01 3.787730e-02 4.112058e-02 6.475303e-01 -3.918714e-02 9.987340e-01 3.152903e-02 -1.688547e+00 -3.987431e-02 -3.309113e-02 9.986564e-01 5.588136e+01
9.982913e-01 4.050342e-02 4.211170e-02 7.117500e-01 -4.187336e-02 9.986044e-01 3.217418e-02 -1.764175e+00 -4.074979e-02 -3.388258e-02 9.985945e-01 5.703402e+01
9.982147e-01 4.137323e-02 4.307091e-02 7.001793e-01 -4.283240e-02 9.985193e-01 3.352505e-02 -1.844587e+00 -4.162012e-02 -3.531006e-02 9.985091e-01 5.843633e+01
9.981790e-01 4.080398e-02 4.442175e-02 6.422816e-01 -4.232914e-02 9.985264e-01 3.395169e-02 -1.897170e+00 -4.297095e-02 -3.577023e-02 9.984355e-01 5.955318e+01
9.982024e-01 3.925209e-02 4.528560e-02 8.140876e-01 -4.079183e-02 9.986025e-01 3.359243e-02 -1.870754e+00 -4.390376e-02 -3.537935e-02 9.984089e-01 5.938696e+01
9.982145e-01 3.797332e-02 4.609940e-02 8.624594e-01 -3.956206e-02 9.986364e-01 3.405420e-02 -1.853842e+00 -4.474341e-02 -3.581722e-02 9.983560e-01 5.982743e+01
9.982393e-01 3.733644e-02 4.608466e-02 8.024192e-01 -3.895863e-02 9.986337e-01 3.481847e-02 -1.909631e+00 -4.472173e-02 -3.655260e-02 9.983304e-01 6.165549e+01
9.981689e-01 3.785876e-02 4.716881e-02 7.379773e-01 -3.952978e-02 9.986045e-01 3.501173e-02 -1.954869e+00 -4.577751e-02 -3.681224e-02 9.982730e-01 6.262341e+01
9.981633e-01 3.707706e-02 4.790247e-02 7.001818e-01 -3.882387e-02 9.985948e-01 3.606487e-02 -1.955622e+00 -4.649800e-02 -3.785843e-02 9.982006e-01 6.315371e+01
9.982277e-01 3.614187e-02 4.727154e-02 6.952602e-01 -3.793881e-02 9.985689e-01 3.768476e-02 -2.011436e+00 -4.584192e-02 -3.941144e-02 9.981709e-01 6.451556e+01
9.983252e-01 3.326250e-02 4.732551e-02 6.911348e-01 -3.512214e-02 9.986206e-01 3.902120e-02 -1.991300e+00 -4.596232e-02 -4.061805e-02 9.981170e-01 6.531602e+01
9.984787e-01 3.105205e-02 4.555644e-02 8.869748e-01 -3.289343e-02 9.986480e-01 4.024270e-02 -2.015344e+00 -4.424525e-02 -4.168003e-02 9.981508e-01 6.598270e+01
9.985127e-01 2.990989e-02 4.557487e-02 9.239049e-01 -3.176717e-02 9.986705e-01 4.058794e-02 -2.029949e+00 -4.430032e-02 -4.197540e-02 9.981359e-01 6.674550e+01
9.985628e-01 2.766358e-02 4.589700e-02 9.270215e-01 -2.953887e-02 9.987345e-01 4.069618e-02 -2.020592e+00 -4.471314e-02 -4.199348e-02 9.981168e-01 6.756102e+01
9.985896e-01 2.660183e-02 4.593942e-02 1.039884e+00 -2.849667e-02 9.987484e-01 4.109627e-02 -2.059326e+00 -4.478871e-02 -4.234748e-02 9.980984e-01 6.814542e+01
9.986277e-01 2.624270e-02 4.531499e-02 1.050551e+00 -2.810734e-02 9.987628e-01 4.101360e-02 -2.086288e+00 -4.418265e-02 -4.223105e-02 9.981304e-01 7.006821e+01
9.986278e-01 2.518686e-02 4.590757e-02 1.154814e+00 -2.707012e-02 9.987972e-01 4.087353e-02 -2.067061e+00 -4.482291e-02 -4.206021e-02 9.981090e-01 7.052459e+01
9.985762e-01 2.522556e-02 4.699643e-02 1.095631e+00 -2.713151e-02 9.988160e-01 4.036858e-02 -2.043495e+00 -4.592251e-02 -4.158623e-02 9.980789e-01 7.171129e+01
9.984697e-01 2.700873e-02 4.825272e-02 1.060822e+00 -2.900141e-02 9.987342e-01 4.108516e-02 -2.065561e+00 -4.708203e-02 -4.242173e-02 9.979897e-01 7.285469e+01
9.983539e-01 2.808472e-02 5.000151e-02 1.008336e+00 -3.022525e-02 9.986353e-01 4.258076e-02 -2.050931e+00 -4.873746e-02 -4.402202e-02 9.978409e-01 7.360755e+01
9.982730e-01 2.939973e-02 5.085254e-02 1.085725e+00 -3.164653e-02 9.985316e-01 4.395667e-02 -2.013911e+00 -4.948561e-02 -4.549011e-02 9.977382e-01 7.412414e+01
9.982592e-01 2.905432e-02 5.132092e-02 1.146429e+00 -3.127049e-02 9.985885e-01 4.292072e-02 -1.992204e+00 -5.000151e-02 -4.445088e-02 9.977593e-01 7.547025e+01
9.982334e-01 2.966805e-02 5.146956e-02 1.253494e+00 -3.178895e-02 9.986573e-01 4.088971e-02 -1.998819e+00 -5.018739e-02 -4.245369e-02 9.978369e-01 7.655011e+01
9.982351e-01 2.858210e-02 5.204896e-02 1.281951e+00 -3.067295e-02 9.987352e-01 3.982522e-02 -1.967381e+00 -5.084490e-02 -4.135147e-02 9.978499e-01 7.750360e+01
9.982836e-01 2.609310e-02 5.242456e-02 1.304131e+00 -2.828006e-02 9.987411e-01 4.141688e-02 -1.980343e+00 -5.127792e-02 -4.282840e-02 9.977655e-01 7.896435e+01
9.982618e-01 2.335930e-02 5.410133e-02 1.250393e+00 -2.574390e-02 9.987078e-01 4.380734e-02 -1.985387e+00 -5.300817e-02 -4.512402e-02 9.975739e-01 8.034599e+01
9.982412e-01 2.215660e-02 5.497913e-02 1.280944e+00 -2.464128e-02 9.986855e-01 4.493453e-02 -2.040854e+00 -5.391132e-02 -4.621032e-02 9.974757e-01 8.209065e+01
9.982552e-01 1.986376e-02 5.559936e-02 1.471154e+00 -2.230645e-02 9.987967e-01 4.366354e-02 -1.983262e+00 -5.466520e-02 -4.482763e-02 9.974978e-01 8.252665e+01
9.981048e-01 2.217662e-02 5.739622e-02 1.350282e+00 -2.458269e-02 9.988331e-01 4.155935e-02 -1.988362e+00 -5.640767e-02 -4.289160e-02 9.974859e-01 8.404112e+01
9.980052e-01 2.399593e-02 5.838732e-02 1.436968e+00 -2.633478e-02 9.988671e-01 3.962327e-02 -1.974467e+00 -5.737044e-02 -4.108191e-02 9.975071e-01 8.526085e+01
9.978481e-01 2.636111e-02 6.002903e-02 1.618552e+00 -2.876359e-02 9.988043e-01 3.951599e-02 -1.915761e+00 -5.891564e-02 -4.115767e-02 9.974139e-01 8.544144e+01
9.976240e-01 2.904162e-02 6.246723e-02 1.621582e+00 -3.168734e-02 9.986234e-01 4.178841e-02 -1.963372e+00 -6.116771e-02 -4.366861e-02 9.971715e-01 8.643822e+01
9.974713e-01 2.987553e-02 6.447995e-02 1.595629e+00 -3.276726e-02 9.984818e-01 4.426533e-02 -1.981504e+00 -6.305968e-02 -4.626631e-02 9.969364e-01 8.761766e+01
9.973881e-01 2.885947e-02 6.620652e-02 1.628365e+00 -3.185421e-02 9.984949e-01 4.463258e-02 -1.934712e+00 -6.481888e-02 -4.662504e-02 9.968069e-01 8.852942e+01
9.972150e-01 3.006523e-02 6.824610e-02 1.632153e+00 -3.313611e-02 9.984671e-01 4.432015e-02 -1.940248e+00 -6.680907e-02 -4.645821e-02 9.966832e-01 8.949589e+01
9.969923e-01 3.236821e-02 7.041121e-02 1.638867e+00 -3.551110e-02 9.984062e-01 4.385208e-02 -1.932917e+00 -6.887965e-02 -4.622064e-02 9.965533e-01 9.048061e+01
9.968461e-01 3.413591e-02 7.163545e-02 1.656105e+00 -3.735210e-02 9.983304e-01 4.404778e-02 -1.965428e+00 -7.001232e-02 -4.658467e-02 9.964574e-01 9.236476e+01
9.965810e-01 3.604127e-02 7.434015e-02 1.574036e+00 -3.932778e-02 9.982902e-01 4.322930e-02 -1.978789e+00 -7.265509e-02 -4.600520e-02 9.962952e-01 9.334881e+01
9.965104e-01 3.664076e-02 7.499015e-02 1.667478e+00 -3.990825e-02 9.982965e-01 4.254749e-02 -1.966819e+00 -7.330352e-02 -4.539182e-02 9.962758e-01 9.498853e+01
9.963758e-01 3.572718e-02 7.718760e-02 1.656242e+00 -3.908898e-02 9.983313e-01 4.249065e-02 -1.933100e+00 -7.554082e-02 -4.535391e-02 9.961104e-01 9.642139e+01
9.962296e-01 3.519927e-02 7.928900e-02 1.758214e+00 -3.871622e-02 9.983126e-01 4.326402e-02 -1.864217e+00 -7.763245e-02 -4.617075e-02 9.959121e-01 9.648630e+01
9.961826e-01 3.316300e-02 8.074408e-02 1.850432e+00 -3.681609e-02 9.983442e-01 4.418226e-02 -1.818183e+00 -7.914528e-02 -4.698636e-02 9.957548e-01 9.738698e+01
9.961718e-01 3.241065e-02 8.118099e-02 1.948124e+00 -3.612339e-02 9.983469e-01 4.469058e-02 -1.799752e+00 -7.959845e-02 -4.745210e-02 9.956966e-01 9.867530e+01
9.961351e-01 3.029721e-02 8.243856e-02 2.079823e+00 -3.407767e-02 9.984119e-01 4.484382e-02 -1.724488e+00 -8.094911e-02 -4.747990e-02 9.955864e-01 9.839995e+01
9.962052e-01 2.883786e-02 8.211356e-02 2.159529e+00 -3.269371e-02 9.984053e-01 4.600661e-02 -1.754481e+00 -8.065598e-02 -4.851669e-02 9.955602e-01 1.002111e+02
9.963765e-01 2.705139e-02 8.062948e-02 2.299854e+00 -3.083131e-02 9.984644e-01 4.600963e-02 -1.775671e+00 -7.926114e-02 -4.832890e-02 9.956813e-01 1.022644e+02
9.964564e-01 2.590220e-02 8.001742e-02 2.390968e+00 -2.966097e-02 9.984935e-01 4.614830e-02 -1.771193e+00 -7.870162e-02 -4.835824e-02 9.957243e-01 1.033451e+02
9.963577e-01 2.468483e-02 8.161470e-02 2.160875e+00 -2.860274e-02 9.984757e-01 4.718934e-02 -1.763375e+00 -8.032552e-02 -4.935195e-02 9.955459e-01 1.053349e+02
9.962071e-01 2.363215e-02 8.373722e-02 1.832594e+00 -2.766264e-02 9.984968e-01 4.730383e-02 -1.745483e+00 -8.249355e-02 -4.944088e-02 9.953642e-01 1.074465e+02
9.962819e-01 2.247465e-02 8.316375e-02 1.951173e+00 -2.652824e-02 9.984961e-01 4.796259e-02 -1.740202e+00 -8.196083e-02 -4.999052e-02 9.953808e-01 1.078769e+02
9.963599e-01 2.230181e-02 8.227082e-02 2.033962e+00 -2.641885e-02 9.984339e-01 4.929804e-02 -1.878381e+00 -8.104265e-02 -5.129217e-02 9.953897e-01 1.091529e+02
9.965082e-01 2.248600e-02 8.040262e-02 2.263669e+00 -2.652879e-02 9.984174e-01 4.957213e-02 -1.905316e+00 -7.916081e-02 -5.153211e-02 9.955287e-01 1.101605e+02
9.966298e-01 2.042450e-02 7.943987e-02 2.354786e+00 -2.427153e-02 9.985629e-01 4.776667e-02 -1.917867e+00 -7.835021e-02 -4.953391e-02 9.956943e-01 1.115902e+02
9.965971e-01 1.504936e-02 8.103417e-02 2.155577e+00 -1.893895e-02 9.986935e-01 4.744659e-02 -1.892919e+00 -8.021437e-02 -4.881993e-02 9.955811e-01 1.129590e+02
9.966676e-01 7.122737e-03 8.125211e-02 2.278022e+00 -1.126404e-02 9.986535e-01 5.062444e-02 -1.886467e+00 -8.078223e-02 -5.137105e-02 9.954068e-01 1.129130e+02
9.968728e-01 5.020201e-05 7.901449e-02 2.521494e+00 -4.198322e-03 9.986202e-01 5.233279e-02 -1.837119e+00 -7.890295e-02 -5.250096e-02 9.954985e-01 1.138868e+02
9.966881e-01 -2.233566e-03 8.128075e-02 2.189499e+00 -1.824668e-03 9.987558e-01 4.981991e-02 -1.902987e+00 -8.129102e-02 -4.980331e-02 9.954450e-01 1.159733e+02
9.966387e-01 -2.156824e-03 8.188734e-02 2.337280e+00 -1.705759e-03 9.988894e-01 4.707007e-02 -1.837968e+00 -8.189805e-02 -4.705162e-02 9.955291e-01 1.166773e+02
9.964673e-01 6.790410e-04 8.397157e-02 2.364729e+00 -4.489353e-03 9.989673e-01 4.519556e-02 -1.793980e+00 -8.385429e-02 -4.541296e-02 9.954423e-01 1.173781e+02
9.963115e-01 6.189459e-04 8.580055e-02 2.313774e+00 -4.537222e-03 9.989542e-01 4.547962e-02 -1.789474e+00 -8.568279e-02 -4.570125e-02 9.952734e-01 1.188964e+02
9.962770e-01 -3.436926e-03 8.613413e-02 2.580629e+00 -8.176100e-04 9.987825e-01 4.931026e-02 -1.746678e+00 -8.619884e-02 -4.919719e-02 9.950621e-01 1.191605e+02
9.959187e-01 -8.405030e-03 8.985642e-02 2.268750e+00 3.691126e-03 9.986135e-01 5.249824e-02 -1.762455e+00 -9.017319e-02 -5.195240e-02 9.945697e-01 1.211679e+02
9.957495e-01 -1.055315e-02 9.149066e-02 2.259444e+00 5.561292e-03 9.984896e-01 5.464546e-02 -1.828195e+00 -9.192929e-02 -5.390447e-02 9.943050e-01 1.221593e+02
9.956692e-01 -1.029061e-02 9.238932e-02 2.363143e+00 5.171498e-03 9.984458e-01 5.547727e-02 -1.895313e+00 -9.281676e-02 -5.475931e-02 9.941757e-01 1.230929e+02
9.954265e-01 -8.058773e-03 9.518354e-02 2.331630e+00 2.686133e-03 9.984017e-01 5.643868e-02 -1.875514e+00 -9.548638e-02 -5.592497e-02 9.938580e-01 1.240443e+02
9.951127e-01 -5.901338e-03 9.856386e-02 2.152598e+00 4.076553e-04 9.984487e-01 5.566450e-02 -1.804528e+00 -9.873961e-02 -5.535236e-02 9.935721e-01 1.255904e+02
9.949338e-01 -1.951152e-03 1.005084e-01 2.215130e+00 -3.470327e-03 9.985483e-01 5.373736e-02 -1.779593e+00 -1.004675e-01 -5.381399e-02 9.934834e-01 1.263809e+02
9.947333e-01 1.848435e-03 1.024752e-01 2.221578e+00 -7.339485e-03 9.985543e-01 5.323293e-02 -1.773004e+00 -1.022289e-01 -5.370477e-02 9.933096e-01 1.276788e+02
9.943317e-01 4.730448e-03 1.062127e-01 2.184890e+00 -1.059949e-02 9.984424e-01 5.476102e-02 -1.759866e+00 -1.057884e-01 -5.557650e-02 9.928337e-01 1.276748e+02
9.942770e-01 8.162406e-03 1.065158e-01 2.251799e+00 -1.408816e-02 9.983862e-01 5.499921e-02 -1.812907e+00 -1.058952e-01 -5.618515e-02 9.927881e-01 1.294020e+02
9.941821e-01 1.172968e-02 1.070677e-01 2.269957e+00 -1.746498e-02 9.984522e-01 5.278746e-02 -1.824002e+00 -1.062830e-01 -5.435036e-02 9.928488e-01 1.310882e+02
9.938855e-01 1.741116e-02 1.090301e-01 2.197487e+00 -2.300397e-02 9.984709e-01 5.025004e-02 -1.829517e+00 -1.079886e-01 -5.245099e-02 9.927669e-01 1.320118e+02
9.936436e-01 2.497372e-02 1.097615e-01 2.215693e+00 -3.054450e-02 9.983127e-01 4.936847e-02 -1.888789e+00 -1.083435e-01 -5.240736e-02 9.927306e-01 1.338432e+02
9.932806e-01 3.027499e-02 1.116964e-01 2.263514e+00 -3.612986e-02 9.980558e-01 5.077114e-02 -1.881683e+00 -1.099424e-01 -5.446565e-02 9.924439e-01 1.345299e+02
9.929659e-01 3.572547e-02 1.128776e-01 2.292488e+00 -4.199086e-02 9.976771e-01 5.362448e-02 -2.021751e+00 -1.106998e-01 -5.798721e-02 9.921602e-01 1.372290e+02
9.925448e-01 3.702928e-02 1.161148e-01 2.210446e+00 -4.380164e-02 9.974504e-01 5.632539e-02 -2.005818e+00 -1.137332e-01 -6.099160e-02 9.916368e-01 1.381367e+02
9.924979e-01 3.072741e-02 1.183340e-01 2.071156e+00 -3.770263e-02 9.976519e-01 5.716448e-02 -1.875748e+00 -1.162998e-01 -6.119722e-02 9.913264e-01 1.392610e+02
9.926275e-01 3.132681e-02 1.170829e-01 2.258664e+00 -3.832433e-02 9.975800e-01 5.799972e-02 -1.922730e+00 -1.149828e-01 -6.205933e-02 9.914264e-01 1.402963e+02
9.926534e-01 3.313188e-02 1.163639e-01 2.253378e+00 -3.969083e-02 9.977234e-01 5.450808e-02 -1.967249e+00 -1.142932e-01 -5.872630e-02 9.917091e-01 1.421896e+02
9.926037e-01 3.630998e-02 1.158378e-01 2.348272e+00 -4.241203e-02 9.978145e-01 5.065449e-02 -1.953002e+00 -1.137455e-01 -5.519284e-02 9.919750e-01 1.428989e+02
9.923619e-01 4.233882e-02 1.158632e-01 2.503832e+00 -4.845327e-02 9.975485e-01 5.047448e-02 -1.955972e+00 -1.134423e-01 -5.570299e-02 9.919813e-01 1.436336e+02
9.918633e-01 4.706251e-02 1.182849e-01 2.400364e+00 -5.357556e-02 9.971820e-01 5.249805e-02 -2.030519e+00 -1.154811e-01 -5.840816e-02 9.915903e-01 1.451357e+02
9.915003e-01 5.004143e-02 1.200916e-01 2.477755e+00 -5.713953e-02 9.967707e-01 5.640715e-02 -2.041914e+00 -1.168812e-01 -6.278978e-02 9.911584e-01 1.456961e+02
9.914522e-01 5.054826e-02 1.202760e-01 2.675005e+00 -5.790315e-02 9.966083e-01 5.846037e-02 -1.999563e+00 -1.169132e-01 -6.492512e-02 9.910170e-01 1.470440e+02
9.911570e-01 5.044687e-02 1.227267e-01 2.636566e+00 -5.815233e-02 9.965002e-01 6.003379e-02 -1.999504e+00 -1.192689e-01 -6.663985e-02 9.906224e-01 1.473315e+02
9.910735e-01 4.976102e-02 1.236769e-01 2.711515e+00 -5.769093e-02 9.964447e-01 6.138438e-02 -2.039128e+00 -1.201829e-01 -6.797156e-02 9.904215e-01 1.486435e+02
9.911240e-01 4.710216e-02 1.243121e-01 2.867593e+00 -5.517475e-02 9.965295e-01 6.231341e-02 -1.994791e+00 -1.209458e-01 -6.861929e-02 9.902839e-01 1.490287e+02
9.911897e-01 4.438461e-02 1.247877e-01 3.005933e+00 -5.251062e-02 9.966555e-01 6.260072e-02 -1.960092e+00 -1.215920e-01 -6.860195e-02 9.902059e-01 1.507462e+02
9.909657e-01 4.222773e-02 1.272904e-01 2.969507e+00 -5.078186e-02 9.966095e-01 6.472211e-02 -2.010899e+00 -1.241260e-01 -7.060152e-02 9.897509e-01 1.521883e+02
9.909294e-01 3.902749e-02 1.285887e-01 3.139241e+00 -4.794090e-02 9.966019e-01 6.696665e-02 -2.016021e+00 -1.255384e-01 -7.252395e-02 9.894338e-01 1.521342e+02
9.907794e-01 3.867772e-02 1.298439e-01 3.255129e+00 -4.778945e-02 9.965523e-01 6.780767e-02 -2.075359e+00 -1.267738e-01 -7.338769e-02 9.892125e-01 1.531900e+02
9.906560e-01 4.280765e-02 1.294892e-01 3.479358e+00 -5.148532e-02 9.965926e-01 6.442564e-02 -2.127251e+00 -1.262902e-01 -7.049051e-02 9.894850e-01 1.551838e+02
9.899263e-01 5.215212e-02 1.316257e-01 3.461441e+00 -6.054863e-02 9.963223e-01 6.061382e-02 -2.211230e+00 -1.279806e-01 -6.797303e-02 9.894440e-01 1.563508e+02
9.892136e-01 6.199260e-02 1.327121e-01 3.653939e+00 -7.063782e-02 9.956064e-01 6.145364e-02 -2.243446e+00 -1.283196e-01 -7.016535e-02 9.892470e-01 1.576749e+02
9.882280e-01 6.848356e-02 1.368015e-01 3.520337e+00 -7.796828e-02 9.948196e-01 6.521580e-02 -2.187155e+00 -1.316268e-01 -7.511432e-02 9.884488e-01 1.588774e+02
9.875664e-01 7.031247e-02 1.405990e-01 3.425753e+00 -8.049691e-02 9.944245e-01 6.810549e-02 -2.218761e+00 -1.350266e-01 -7.857655e-02 9.877208e-01 1.596803e+02
9.876180e-01 6.930708e-02 1.407353e-01 3.551598e+00 -7.965273e-02 9.944132e-01 6.925453e-02 -2.224604e+00 -1.351493e-01 -7.960704e-02 9.876215e-01 1.616530e+02
9.876503e-01 6.721117e-02 1.415232e-01 3.582322e+00 -7.772082e-02 9.945077e-01 7.008699e-02 -2.228009e+00 -1.360354e-01 -8.022080e-02 9.874501e-01 1.615250e+02
9.876821e-01 6.678522e-02 1.415028e-01 3.694032e+00 -7.729980e-02 9.945356e-01 7.015619e-02 -2.245678e+00 -1.360443e-01 -8.023023e-02 9.874482e-01 1.630516e+02
9.874555e-01 6.740130e-02 1.427857e-01 3.781734e+00 -7.811521e-02 9.944261e-01 7.080291e-02 -2.230457e+00 -1.372178e-01 -8.106855e-02 9.872172e-01 1.643329e+02
9.871515e-01 7.032926e-02 1.434743e-01 3.934120e+00 -8.124430e-02 9.941119e-01 7.168702e-02 -2.235068e+00 -1.375880e-01 -8.242249e-02 9.870536e-01 1.652804e+02
9.867511e-01 7.348421e-02 1.446426e-01 4.064003e+00 -8.475424e-02 9.936972e-01 7.335491e-02 -2.258663e+00 -1.383407e-01 -8.464219e-02 9.867604e-01 1.662610e+02
9.865658e-01 7.547109e-02 1.448839e-01 4.286233e+00 -8.688744e-02 9.934539e-01 7.414962e-02 -2.320075e+00 -1.383395e-01 -8.574214e-02 9.866655e-01 1.670784e+02
9.865475e-01 7.587254e-02 1.447988e-01 4.480687e+00 -8.727574e-02 9.934244e-01 7.408887e-02 -2.312845e+00 -1.382256e-01 -8.572970e-02 9.866826e-01 1.684684e+02
9.864388e-01 7.572135e-02 1.456164e-01 4.598022e+00 -8.724952e-02 9.933978e-01 7.447532e-02 -2.292664e+00 -1.390158e-01 -8.617038e-02 9.865332e-01 1.697290e+02
9.863186e-01 7.727790e-02 1.456121e-01 4.816916e+00 -8.890718e-02 9.932024e-01 7.511859e-02 -2.287642e+00 -1.388175e-01 -8.703691e-02 9.864851e-01 1.706559e+02
9.861266e-01 7.879528e-02 1.460986e-01 4.928993e+00 -9.051143e-02 9.930398e-01 7.535207e-02 -2.257514e+00 -1.391445e-01 -8.753036e-02 9.863953e-01 1.725299e+02
9.860233e-01 7.825645e-02 1.470821e-01 5.066140e+00 -9.006687e-02 9.930747e-01 7.542359e-02 -2.188686e+00 -1.401614e-01 -8.761673e-02 9.862437e-01 1.724800e+02
9.856429e-01 8.011422e-02 1.486239e-01 5.045687e+00 -9.211450e-02 9.928666e-01 7.568906e-02 -2.167247e+00 -1.415001e-01 -8.829287e-02 9.859922e-01 1.742604e+02
9.855651e-01 8.053891e-02 1.489101e-01 5.190044e+00 -9.263609e-02 9.927820e-01 7.616171e-02 -2.146700e+00 -1.417015e-01 -8.885685e-02 9.859126e-01 1.755182e+02
9.853837e-01 8.245702e-02 1.490601e-01 5.371694e+00 -9.464937e-02 9.925559e-01 7.663138e-02 -2.123098e+00 -1.416319e-01 -8.961984e-02 9.858535e-01 1.766973e+02
9.851675e-01 8.263824e-02 1.503828e-01 5.389449e+00 -9.503175e-02 9.924774e-01 7.717331e-02 -2.128682e+00 -1.428742e-01 -9.031986e-02 9.856102e-01 1.770441e+02
9.849843e-01 8.294977e-02 1.514076e-01 5.503624e+00 -9.545660e-02 9.924280e-01 7.728490e-02 -2.107668e+00 -1.438505e-01 -9.057736e-02 9.854446e-01 1.781955e+02
9.849073e-01 8.293241e-02 1.519171e-01 5.674788e+00 -9.557301e-02 9.923705e-01 7.787673e-02 -2.068421e+00 -1.442997e-01 -9.122063e-02 9.853196e-01 1.795314e+02
9.846542e-01 8.271019e-02 1.536688e-01 5.671953e+00 -9.567913e-02 9.922715e-01 7.899999e-02 -2.066165e+00 -1.459472e-01 -9.249067e-02 9.849585e-01 1.802332e+02
9.845306e-01 8.369318e-02 1.539286e-01 5.856878e+00 -9.680215e-02 9.921044e-01 7.972688e-02 -2.011739e+00 -1.460408e-01 -9.339426e-02 9.848594e-01 1.827740e+02
9.843811e-01 8.418302e-02 1.546158e-01 5.946647e+00 -9.732910e-02 9.920703e-01 7.950931e-02 -1.964629e+00 -1.466965e-01 -9.331618e-02 9.847694e-01 1.825453e+02
9.838913e-01 8.636468e-02 1.565185e-01 6.009197e+00 -9.973706e-02 9.918169e-01 7.968660e-02 -1.945138e+00 -1.483557e-01 -9.401374e-02 9.844545e-01 1.836400e+02
9.834145e-01 8.900132e-02 1.580308e-01 6.138369e+00 -1.027241e-01 9.914145e-01 8.088981e-02 -1.931364e+00 -1.494748e-01 -9.578186e-02 9.841146e-01 1.848093e+02
9.829662e-01 9.025622e-02 1.600947e-01 6.228332e+00 -1.045689e-01 9.910188e-01 8.333853e-02 -1.901940e+00 -1.511352e-01 -9.865998e-02 9.835766e-01 1.855827e+02
9.826853e-01 9.039167e-02 1.617341e-01 6.323299e+00 -1.049869e-01 9.909118e-01 8.408175e-02 -1.874472e+00 -1.526641e-01 -9.960596e-02 9.832451e-01 1.861653e+02
9.823559e-01 9.129504e-02 1.632207e-01 6.436455e+00 -1.059002e-01 9.908953e-01 8.312526e-02 -1.835049e+00 -1.541458e-01 -9.894377e-02 9.830807e-01 1.876144e+02
9.826371e-01 8.799633e-02 1.633396e-01 6.599105e+00 -1.025017e-01 9.912967e-01 8.259777e-02 -1.819996e+00 -1.546498e-01 -9.790630e-02 9.831055e-01 1.884837e+02
9.829473e-01 8.462618e-02 1.632539e-01 6.821728e+00 -9.929985e-02 9.915124e-01 8.390957e-02 -1.790826e+00 -1.547674e-01 -9.868985e-02 9.830086e-01 1.895930e+02
9.833683e-01 8.052211e-02 1.627938e-01 7.021457e+00 -9.541605e-02 9.917291e-01 8.583222e-02 -1.765788e+00 -1.545361e-01 -9.993789e-02 9.829189e-01 1.901950e+02
9.837554e-01 7.729916e-02 1.620157e-01 7.306859e+00 -9.231345e-02 9.918963e-01 8.728205e-02 -1.733999e+00 -1.539560e-01 -1.008205e-01 9.829198e-01 1.920548e+02
9.839225e-01 7.521239e-02 1.619832e-01 7.466448e+00 -9.029102e-02 9.920346e-01 8.782413e-02 -1.695714e+00 -1.540875e-01 -1.010378e-01 9.828768e-01 1.925378e+02
9.835542e-01 7.890689e-02 1.624615e-01 7.712019e+00 -9.418795e-02 9.916028e-01 8.860327e-02 -1.653412e+00 -1.541060e-01 -1.024481e-01 9.827279e-01 1.945912e+02
9.831801e-01 8.020243e-02 1.640835e-01 7.742378e+00 -9.566795e-02 9.914595e-01 8.862158e-02 -1.579638e+00 -1.555745e-01 -1.028286e-01 9.824567e-01 1.954873e+02
9.834160e-01 6.669571e-02 1.686524e-01 7.244561e+00 -8.254264e-02 9.926258e-01 8.876152e-02 -1.301841e+00 -1.614888e-01 -1.012106e-01 9.816701e-01 1.975038e+02
9.835805e-01 7.169078e-02 1.656163e-01 7.915565e+00 -8.743444e-02 9.921129e-01 8.980663e-02 -1.435604e+00 -1.578718e-01 -1.028127e-01 9.820920e-01 1.975200e+02
9.838995e-01 6.830160e-02 1.651531e-01 8.221189e+00 -8.417527e-02 9.922765e-01 9.110282e-02 -1.366264e+00 -1.576551e-01 -1.035379e-01 9.820506e-01 1.991775e+02
9.839367e-01 6.866895e-02 1.647788e-01 8.507377e+00 -8.471344e-02 9.921108e-01 9.239921e-02 -1.363286e+00 -1.571339e-01 -1.048740e-01 9.819923e-01 1.995184e+02
9.841024e-01 6.972720e-02 1.633379e-01 8.917933e+00 -8.553717e-02 9.920918e-01 9.184357e-02 -1.290275e+00 -1.556423e-01 -1.043550e-01 9.822851e-01 2.010738e+02
9.843131e-01 6.847409e-02 1.625969e-01 9.258660e+00 -8.404292e-02 9.923080e-01 9.088197e-02 -1.138937e+00 -1.551232e-01 -1.031215e-01 9.824974e-01 2.031544e+02
9.843912e-01 6.635919e-02 1.630008e-01 9.467117e+00 -8.216718e-02 9.923407e-01 9.223073e-02 -1.039090e+00 -1.556320e-01 -1.041845e-01 9.823048e-01 2.033486e+02
9.844598e-01 6.474678e-02 1.632352e-01 9.737770e+00 -8.084739e-02 9.922832e-01 9.399818e-02 -9.236020e-01 -1.558896e-01 -1.057346e-01 9.820982e-01 2.051341e+02
9.845196e-01 6.391770e-02 1.632010e-01 1.002332e+01 -7.987676e-02 9.924397e-01 9.317171e-02 -7.705873e-01 -1.560120e-01 -1.047654e-01 9.821827e-01 2.074559e+02
9.843777e-01 6.422674e-02 1.639338e-01 1.021577e+01 -8.007658e-02 9.925350e-01 9.197783e-02 -6.399328e-01 -1.568027e-01 -1.036683e-01 9.821732e-01 2.089807e+02
9.840268e-01 6.587753e-02 1.653794e-01 1.024605e+01 -8.189213e-02 9.923887e-01 9.195764e-02 -6.394367e-01 -1.580628e-01 -1.040321e-01 9.819327e-01 2.087330e+02
9.837452e-01 6.750218e-02 1.663966e-01 1.054161e+01 -8.368772e-02 9.922112e-01 9.225512e-02 -5.084926e-01 -1.588733e-01 -1.046810e-01 9.817330e-01 2.110820e+02
9.833474e-01 6.993298e-02 1.677392e-01 1.071445e+01 -8.627937e-02 9.919921e-01 9.222405e-02 -4.567762e-01 -1.599465e-01 -1.051608e-01 9.815074e-01 2.121487e+02
9.830871e-01 6.983501e-02 1.692981e-01 1.082101e+01 -8.628085e-02 9.920305e-01 9.180897e-02 -3.374762e-01 -1.615375e-01 -1.048635e-01 9.812786e-01 2.126915e+02
9.828624e-01 6.987527e-02 1.705812e-01 1.099172e+01 -8.643355e-02 9.920319e-01 9.164990e-02 -2.375606e-01 -1.628180e-01 -1.048232e-01 9.810713e-01 2.140170e+02
9.830257e-01 6.843721e-02 1.702229e-01 1.136841e+01 -8.488734e-02 9.921967e-01 9.131103e-02 -1.459427e-01 -1.626456e-01 -1.042109e-01 9.811652e-01 2.159798e+02
9.833634e-01 6.367064e-02 1.701213e-01 1.169182e+01 -8.010290e-02 9.925736e-01 9.153721e-02 -8.909789e-02 -1.630298e-01 -1.036416e-01 9.811617e-01 2.178175e+02
9.839318e-01 6.027614e-02 1.680588e-01 1.217063e+01 -7.699022e-02 9.925159e-01 9.477677e-02 -3.317387e-01 -1.610884e-01 -1.061928e-01 9.812095e-01 2.176779e+02
9.844936e-01 5.446866e-02 1.667464e-01 1.259197e+01 -7.142186e-02 9.926761e-01 9.742102e-02 -3.143874e-01 -1.602189e-01 -1.078198e-01 9.811745e-01 2.199905e+02
9.842478e-01 5.290564e-02 1.686895e-01 1.259508e+01 -7.016402e-02 9.927044e-01 9.804457e-02 -2.557779e-01 -1.622718e-01 -1.083362e-01 9.807802e-01 2.207290e+02
9.845587e-01 5.291067e-02 1.668639e-01 1.303273e+01 -6.978116e-02 9.928423e-01 9.691536e-02 -2.305048e-01 -1.605417e-01 -1.070629e-01 9.812047e-01 2.230068e+02
9.849989e-01 5.165678e-02 1.646442e-01 1.346748e+01 -6.807812e-02 9.930776e-01 9.570723e-02 -1.706948e-01 -1.585606e-01 -1.054803e-01 9.816981e-01 2.247840e+02
9.849763e-01 5.206959e-02 1.646493e-01 1.372387e+01 -6.857871e-02 9.929931e-01 9.622647e-02 -2.460416e-02 -1.584852e-01 -1.060723e-01 9.816465e-01 2.287296e+02
9.850091e-01 5.122176e-02 1.647190e-01 1.382270e+01 -6.793613e-02 9.929137e-01 9.749261e-02 -4.816846e-02 -1.585581e-01 -1.072216e-01 9.815098e-01 2.292594e+02
9.853615e-01 5.079632e-02 1.627307e-01 1.412436e+01 -6.724162e-02 9.929899e-01 9.719776e-02 5.041445e-02 -1.566527e-01 -1.067173e-01 9.818707e-01 2.297884e+02
9.854556e-01 5.121293e-02 1.620284e-01 1.439335e+01 -6.773262e-02 9.928648e-01 9.813073e-02 1.001728e-01 -1.558468e-01 -1.076782e-01 9.818940e-01 2.324490e+02
9.856418e-01 5.096136e-02 1.609721e-01 1.469470e+01 -6.761328e-02 9.927144e-01 9.972158e-02 1.187103e-01 -1.547175e-01 -1.091737e-01 9.819075e-01 2.343593e+02
9.859178e-01 4.911033e-02 1.598534e-01 1.491907e+01 -6.565885e-02 9.928232e-01 9.994370e-02 2.614131e-01 -1.537980e-01 -1.090321e-01 9.820677e-01 2.351243e+02
9.861794e-01 4.741852e-02 1.587466e-01 1.518580e+01 -6.423552e-02 9.926517e-01 1.025387e-01 3.292741e-01 -1.527179e-01 -1.113188e-01 9.819797e-01 2.366761e+02
9.862441e-01 4.836827e-02 1.580562e-01 1.545551e+01 -6.540830e-02 9.923757e-01 1.044505e-01 4.473981e-01 -1.517991e-01 -1.133520e-01 9.818895e-01 2.388390e+02
9.862908e-01 4.779440e-02 1.579394e-01 1.572961e+01 -6.484746e-02 9.923919e-01 1.046457e-01 5.777538e-01 -1.517363e-01 -1.134532e-01 9.818876e-01 2.399554e+02
9.864191e-01 4.725723e-02 1.572979e-01 1.610475e+01 -6.415954e-02 9.924865e-01 1.041720e-01 7.659647e-01 -1.511933e-01 -1.128495e-01 9.820408e-01 2.419576e+02
9.866869e-01 4.479575e-02 1.563357e-01 1.642360e+01 -6.165919e-02 9.925851e-01 1.047408e-01 8.434490e-01 -1.504846e-01 -1.129860e-01 9.821339e-01 2.432201e+02
9.871858e-01 4.394951e-02 1.533985e-01 1.699882e+01 -6.030649e-02 9.927815e-01 1.036610e-01 1.000666e+00 -1.477355e-01 -1.115837e-01 9.827115e-01 2.451081e+02
9.870694e-01 4.065555e-02 1.550476e-01 1.703878e+01 -5.705505e-02 9.930599e-01 1.028323e-01 1.063421e+00 -1.497909e-01 -1.103490e-01 9.825398e-01 2.461353e+02
9.873942e-01 4.039681e-02 1.530345e-01 1.747270e+01 -5.657140e-02 9.930850e-01 1.028578e-01 1.131264e+00 -1.478212e-01 -1.102187e-01 9.828526e-01 2.480430e+02
9.877470e-01 4.015295e-02 1.508060e-01 1.769927e+01 -5.620686e-02 9.930131e-01 1.037475e-01 1.129663e+00 -1.455867e-01 -1.109527e-01 9.831036e-01 2.495040e+02
9.876628e-01 3.858591e-02 1.517633e-01 1.764680e+01 -5.512808e-02 9.927984e-01 1.063493e-01 1.154511e+00 -1.465668e-01 -1.134038e-01 9.826782e-01 2.515777e+02
9.876710e-01 3.819469e-02 1.518087e-01 1.783936e+01 -5.537881e-02 9.923164e-01 1.106315e-01 1.216103e+00 -1.464168e-01 -1.176746e-01 9.821983e-01 2.528890e+02
9.874898e-01 3.515519e-02 1.537104e-01 1.795363e+01 -5.314842e-02 9.919919e-01 1.145652e-01 1.326609e+00 -1.484520e-01 -1.213015e-01 9.814513e-01 2.549884e+02
9.872086e-01 3.256619e-02 1.560685e-01 1.798728e+01 -5.100837e-02 9.919771e-01 1.156607e-01 1.475340e+00 -1.510498e-01 -1.221421e-01 9.809505e-01 2.563640e+02
9.873376e-01 3.131608e-02 1.555072e-01 1.830668e+01 -4.960860e-02 9.921038e-01 1.151820e-01 1.586735e+00 -1.506723e-01 -1.214382e-01 9.810960e-01 2.577702e+02
9.876580e-01 3.085896e-02 1.535515e-01 1.878280e+01 -4.895084e-02 9.921023e-01 1.154756e-01 1.685926e+00 -1.487754e-01 -1.215670e-01 9.813695e-01 2.580485e+02
9.875599e-01 3.104228e-02 1.541447e-01 1.902617e+01 -4.928049e-02 9.920310e-01 1.159464e-01 1.818841e+00 -1.493172e-01 -1.221005e-01 9.812210e-01 2.593359e+02
9.874142e-01 3.112287e-02 1.550588e-01 1.925758e+01 -4.949737e-02 9.920037e-01 1.160876e-01 1.979125e+00 -1.502060e-01 -1.223017e-01 9.810603e-01 2.610224e+02
9.871333e-01 3.250254e-02 1.565569e-01 1.939317e+01 -5.101056e-02 9.919732e-01 1.156933e-01 2.108789e+00 -1.515400e-01 -1.221909e-01 9.808689e-01 2.628095e+02
9.859465e-01 3.191258e-02 1.639811e-01 1.897103e+01 -5.145698e-02 9.918723e-01 1.163587e-01 2.175972e+00 -1.589350e-01 -1.231616e-01 9.795763e-01 2.646141e+02
9.862111e-01 3.152062e-02 1.624586e-01 1.950314e+01 -5.129446e-02 9.915674e-01 1.189986e-01 2.236395e+00 -1.573378e-01 -1.256911e-01 9.795129e-01 2.656644e+02
9.857149e-01 3.160472e-02 1.654264e-01 1.955595e+01 -5.202677e-02 9.913340e-01 1.206140e-01 2.291559e+00 -1.601809e-01 -1.274977e-01 9.788183e-01 2.669788e+02
9.851431e-01 3.018748e-02 1.690574e-01 1.943320e+01 -5.083529e-02 9.915701e-01 1.191728e-01 2.469309e+00 -1.640348e-01 -1.259965e-01 9.783744e-01 2.681757e+02
9.847003e-01 3.245291e-02 1.712038e-01 1.947140e+01 -5.344695e-02 9.913957e-01 1.194808e-01 2.591346e+00 -1.658533e-01 -1.268033e-01 9.779634e-01 2.702526e+02
9.841298e-01 3.773297e-02 1.733874e-01 1.951897e+01 -5.888698e-02 9.912016e-01 1.185292e-01 2.578484e+00 -1.673895e-01 -1.268585e-01 9.776945e-01 2.711909e+02
9.830928e-01 4.328838e-02 1.779134e-01 1.926503e+01 -6.462787e-02 9.911484e-01 1.159553e-01 2.647903e+00 -1.713191e-01 -1.254931e-01 9.771898e-01 2.728483e+02
9.823789e-01 4.631556e-02 1.810667e-01 1.928406e+01 -6.819169e-02 9.908429e-01 1.165242e-01 2.770833e+00 -1.740119e-01 -1.268183e-01 9.765428e-01 2.751963e+02
9.819523e-01 4.779829e-02 1.829851e-01 1.946856e+01 -7.072804e-02 9.901394e-01 1.209094e-01 2.814511e+00 -1.754016e-01 -1.316695e-01 9.756517e-01 2.754975e+02
9.816651e-01 5.052605e-02 1.837917e-01 1.965447e+01 -7.413677e-02 9.895136e-01 1.239516e-01 2.949889e+00 -1.756017e-01 -1.353048e-01 9.751182e-01 2.776486e+02
9.813417e-01 5.335253e-02 1.847175e-01 1.978256e+01 -7.687197e-02 9.894730e-01 1.226023e-01 3.143337e+00 -1.762319e-01 -1.345145e-01 9.751138e-01 2.799251e+02
9.813568e-01 5.265967e-02 1.848364e-01 1.995048e+01 -7.627178e-02 9.894633e-01 1.230549e-01 3.211612e+00 -1.764088e-01 -1.348587e-01 9.750343e-01 2.816000e+02
9.815194e-01 5.005927e-02 1.846956e-01 2.017194e+01 -7.429359e-02 9.891514e-01 1.267190e-01 3.225815e+00 -1.763484e-01 -1.380989e-01 9.745916e-01 2.824035e+02
9.816976e-01 4.914108e-02 1.839934e-01 2.049606e+01 -7.332947e-02 9.891797e-01 1.270591e-01 3.397183e+00 -1.757587e-01 -1.382259e-01 9.746801e-01 2.836935e+02
9.817029e-01 4.980648e-02 1.837866e-01 2.081159e+01 -7.380518e-02 9.892617e-01 1.261416e-01 3.571387e+00 -1.755304e-01 -1.373981e-01 9.748383e-01 2.851371e+02
9.816744e-01 4.960767e-02 1.839921e-01 2.106455e+01 -7.350161e-02 9.893777e-01 1.254073e-01 3.730955e+00 -1.758166e-01 -1.366329e-01 9.748942e-01 2.865979e+02
9.817672e-01 4.927265e-02 1.835870e-01 2.139698e+01 -7.313636e-02 9.893839e-01 1.255717e-01 3.881742e+00 -1.754508e-01 -1.367091e-01 9.749494e-01 2.882370e+02
9.817677e-01 4.895481e-02 1.836694e-01 2.166796e+01 -7.253680e-02 9.896317e-01 1.239568e-01 4.160913e+00 -1.756968e-01 -1.350197e-01 9.751406e-01 2.896913e+02
9.816050e-01 4.774000e-02 1.848546e-01 2.184217e+01 -7.142328e-02 9.897500e-01 1.236582e-01 4.318605e+00 -1.770565e-01 -1.345866e-01 9.749545e-01 2.911158e+02
9.815192e-01 5.001300e-02 1.847088e-01 2.218821e+01 -7.353660e-02 9.897040e-01 1.227854e-01 4.456575e+00 -1.766663e-01 -1.340992e-01 9.750924e-01 2.926813e+02
9.818580e-01 4.907274e-02 1.831542e-01 2.264890e+01 -7.234731e-02 9.898095e-01 1.226406e-01 4.637766e+00 -1.752695e-01 -1.336665e-01 9.754038e-01 2.940346e+02
